100 100
-66.63 40.45 -57.06 88.56 94.60 67.90 33.96 95.46 11.48 -5.04 88.49 -66.05 20.62 54.06 -24.89 -1.17 64.84 -41.51 -73.03 77.87 74.72 -18.26 66.13 5.92 -79.29 -90.44 -75.85 84.28 -59.32 -22.45 -70.28 -61.63 -20.04 84.60 11.30 -94.75 -87.27 -65.86 -96.20 -13.43 9.84 -85.22 -67.40 6.60 1.74 -2.41 -19.56 72.32 -49.31 11.46 67.15 -88.59 1.99 -51.38 22.04 29.83 64.20 52.29 75.45 -50.79 -74.50 11.00 -1.73 -61.42 48.02 51.13 -25.49 83.15 90.62 25.30 -23.07 -96.84 76.16 16.55 68.77 39.05 7.90 91.81 45.51 8.18 -82.64 33.95 80.11 83.54 -70.60 41.31 9.22 -35.44 -6.79 24.42 76.17 42.44 27.46 -19.59 0.56 0.00 -95.68 19.01 36.54 60.98
-54.47 57.71 -30.55 39.39 -33.43 42.75 69.21 82.11 -81.09 50.58 -42.01 -4.86 20.81 -1.27 -51.79 -78.22 -26.43 74.71 63.65 -24.69 -3.13 -79.89 90.83 -44.65 -90.08 18.89 30.86 -76.80 -4.72 -63.88 82.42 -68.74 50.21 4.73 -6.66 -15.49 87.68 -8.87 -87.27 37.30 72.29 50.79 -52.22 -76.51 73.82 -9.38 37.88 33.77 -71.90 50.70 57.35 95.23 -13.39 25.53 -82.74 -64.35 -5.35 24.76 -89.82 44.71 25.91 -37.36 -36.89 5.57 -77.44 -9.15 -21.59 75.60 96.82 -52.66 61.66 18.00 -59.84 56.84 -47.19 -74.44 73.09 81.42 -80.35 43.48 17.45 39.07 42.68 61.87 84.29 -83.94 52.64 -90.67 76.54 -27.57 -35.26 -66.18 18.90 73.00 97.99 -52.75 36.68 -43.01 -95.41 95.74
63.37 44.20 -11.06 46.55 83.77 -5.23 6.36 -70.95 -74.25 -2.31 -19.72 64.27 -36.15 1.27 51.01 26.08 3.62 -37.78 -78.05 -20.92 -33.29 -54.17 -28.14 -87.45 22.45 -91.49 87.42 -81.24 -26.39 55.59 23.18 -48.64 -61.17 35.21 -32.99 41.38 53.00 73.25 30.61 13.16 12.93 -5.21 -17.52 69.46 -70.05 9.63 73.65 65.96 -56.77 70.19 -93.82 -22.46 -89.00 24.41 -57.99 64.55 -7.23 89.28 28.90 24.93 -7.12 -8.60 -97.51 -52.40 23.26 -28.97 -66.99 36.82 89.76 -43.68 1.69 -69.92 62.27 64.48 -13.60 39.72 86.12 -90.24 -45.53 -37.17 -39.89 71.10 -30.63 34.89 -64.63 10.08 -38.85 73.03 74.91 -46.37 -75.67 20.70 57.87 20.11 79.27 -12.57 -19.30 4.17 77.63 -87.11
80.70 91.29 93.19 12.78 -88.95 84.41 97.84 -2.76 -25.20 85.13 59.13 -56.42 -7.97 -91.15 18.64 54.99 63.13 -94.77 -48.70 57.27 -74.09 21.52 35.28 -64.91 -67.12 -76.47 -77.91 -27.12 -37.50 39.95 12.26 -73.28 -12.51 -64.32 -48.72 15.79 -28.36 4.65 15.62 -52.15 57.17 -35.06 84.04 -95.81 51.57 -13.50 53.86 67.24 11.22 13.54 -81.37 86.30 74.39 -64.77 97.54 48.45 61.58 17.42 70.30 76.06 -26.65 84.80 71.25 -0.75 97.83 -37.54 91.72 -93.71 39.60 -95.64 90.79 -64.43 55.98 -23.51 -34.13 -43.56 -58.49 -85.95 -26.91 82.61 -2.19 -12.25 28.46 -67.67 -47.36 -69.63 -61.15 5.67 -60.89 -62.49 44.26 76.70 90.41 -58.59 26.92 64.61 -82.38 48.97 25.22 -3.99
72.41 -63.15 80.91 -69.54 -80.01 -5.60 -25.06 -89.87 -67.60 -85.65 -9.95 -0.93 -50.62 45.52 -59.44 64.89 -28.75 -67.17 -43.04 7.94 -60.27 -64.54 97.65 71.45 50.70 -57.23 -19.87 7.31 -98.77 41.90 -24.09 74.72 7.93 -67.66 -58.93 -30.16 -81.93 -46.65 50.36 13.04 8.92 9.39 -91.24 64.58 -80.59 30.04 -91.49 62.71 47.01 -65.35 -1.01 -50.45 -54.50 10.74 -21.42 -64.23 25.63 36.29 71.20 -16.05 66.84 53.37 35.05 -49.99 -59.01 -26.77 -23.11 -23.41 -5.28 82.59 19.42 -20.33 27.09 -2.75 68.15 7.21 -4.56 -57.27 -16.82 82.93 11.69 -7.12 -48.12 -66.27 -62.96 41.50 -67.85 -12.81 23.79 -33.62 67.42 59.32 -36.01 14.66 -2.33 -55.32 16.20 -72.50 -90.37 -17.94
89.49 84.79 21.21 -29.35 54.89 37.34 64.30 -45.16 90.73 1.35 75.79 86.27 -51.01 40.52 -10.86 53.62 67.16 8.01 53.68 78.24 68.12 88.35 -28.82 39.27 82.05 -86.26 -57.97 -39.00 -18.59 -99.97 75.32 -6.20 89.43 -74.65 -54.36 19.26 20.88 74.02 92.35 13.44 26.37 -42.94 -74.80 -57.24 32.84 63.23 -18.36 13.03 14.64 -12.27 10.78 69.23 29.28 -4.83 -82.12 56.20 -22.22 -30.21 -92.76 97.13 12.39 -33.76 65.45 -50.30 -2.88 -64.00 70.67 73.92 -20.00 60.65 -8.07 -46.84 44.45 35.28 -77.59 3.69 -19.47 92.88 -40.11 62.31 -39.58 -99.79 -61.74 -81.68 47.60 84.14 -67.32 92.43 -28.51 55.07 -62.05 38.12 75.61 95.99 -23.23 -83.72 -5.69 -55.16 14.56 -68.15
-72.13 -33.72 -70.14 -75.97 -37.25 -72.92 -84.08 74.96 -98.32 -15.37 95.33 78.41 -72.50 -38.11 -57.55 81.30 -46.17 -8.43 -13.53 14.26 -59.59 31.79 -62.97 -10.69 -49.28 -42.15 -64.60 53.52 -96.69 -58.98 -0.01 74.40 16.01 23.23 37.85 -79.12 -67.56 -86.04 -69.41 -82.80 -35.09 48.09 -30.22 -53.46 -16.84 24.53 -8.11 -65.13 -48.65 12.70 -18.22 94.47 50.62 72.52 82.55 18.09 38.93 93.66 -61.18 -5.53 61.41 76.92 85.04 25.69 54.81 -85.12 13.53 89.23 51.58 32.72 94.31 -99.31 -32.14 -86.84 17.50 -28.61 55.42 -70.41 98.01 41.14 -26.88 -99.10 -78.74 54.59 37.37 -75.31 82.43 38.44 -11.18 73.92 -46.72 24.57 62.33 17.93 -73.33 -32.46 99.09 16.15 -13.12 64.29
-37.66 42.71 -6.92 -58.62 -53.85 -46.70 -71.65 -66.60 39.32 3.44 56.27 77.05 -24.33 71.44 -22.27 -4.07 -65.53 -13.78 -37.02 18.70 -19.53 80.01 23.95 -37.52 -22.51 21.25 89.48 -39.76 -3.73 0.57 -9.73 -52.96 -26.04 25.99 58.87 53.74 96.58 74.73 -15.71 46.38 53.69 90.99 24.82 -47.56 43.63 67.71 56.60 84.38 -64.04 60.35 56.32 39.56 65.04 98.09 -80.66 -62.47 -83.84 -61.83 26.12 83.20 -87.28 -37.97 97.05 -12.28 -10.71 29.33 72.80 -23.61 -50.00 -63.26 21.35 68.60 2.15 -63.64 57.16 -90.35 7.37 82.43 96.02 67.22 15.29 35.82 22.88 20.14 10.24 32.92 -98.41 -38.41 68.61 -4.18 30.43 -71.12 -40.88 -87.90 62.17 -28.87 67.35 31.17 40.91 15.87
95.66 -21.53 89.58 53.28 -75.06 -51.60 -11.34 7.17 -70.31 73.75 -49.53 -84.92 83.07 -41.82 2.32 17.35 98.77 49.59 -20.43 26.46 36.79 58.06 55.30 77.76 -41.23 -51.46 0.40 84.09 -93.07 34.51 10.15 -32.79 -92.35 77.59 -17.82 -60.42 83.98 66.77 -93.66 -90.72 -46.93 -9.72 23.96 -73.10 29.71 16.48 -34.64 62.14 68.84 -68.40 18.55 -73.02 -34.08 -33.68 8.28 -66.71 -8.21 -73.32 82.27 -84.51 -40.83 53.85 93.27 78.86 52.25 -50.08 26.00 78.36 -25.25 -22.36 55.48 -61.63 -83.80 2.05 29.92 19.15 34.15 -69.68 78.49 -79.18 72.47 19.03 73.00 92.19 -63.06 35.86 57.10 -81.80 17.14 34.72 -23.49 58.03 -92.52 -14.31 -94.20 -52.07 36.84 70.74 8.73 68.90
40.69 67.21 -59.32 25.95 -3.25 -8.08 48.56 -15.49 58.26 -88.98 -98.38 4.21 -90.04 34.48 -36.96 96.47 -85.31 60.41 -4.85 -45.96 41.95 75.16 27.40 -96.90 -77.62 6.85 70.49 71.51 -31.77 47.98 46.28 68.01 -39.08 -60.31 -24.20 -32.28 -85.15 67.36 84.54 60.28 -74.97 12.78 94.06 49.33 65.47 -13.88 -92.07 2.99 1.61 61.93 15.95 -78.38 -97.10 36.89 -11.25 7.34 -78.55 1.80 -94.72 -71.14 45.79 72.71 -7.47 75.13 48.25 45.78 -99.02 53.60 0.20 77.23 55.29 22.50 -1.20 -28.13 -16.02 -15.97 57.32 -56.23 -26.06 -48.61 -26.24 33.99 -39.02 -12.47 99.57 -42.40 84.32 59.21 -2.62 -21.99 -10.60 26.93 65.27 31.92 -95.06 43.93 -34.85 2.47 -93.49 30.81
71.02 0.78 -95.06 78.44 -4.98 69.49 29.45 53.50 99.26 68.57 66.99 75.83 -40.94 71.51 40.03 -1.02 -25.91 -83.76 -56.22 -34.21 44.56 -26.45 -4.61 34.49 -43.36 -69.10 76.11 70.98 86.79 44.13 37.66 -98.03 75.91 -14.00 63.87 41.50 -82.78 -66.06 3.15 38.80 40.51 44.48 2.11 -96.34 -43.45 -56.09 -84.41 -5.78 19.44 -82.15 88.02 86.52 -84.54 27.21 56.86 -47.26 -54.10 -5.76 44.62 -12.40 -25.86 91.51 78.72 56.52 -14.25 -10.03 -84.60 -76.08 -70.58 -22.99 -41.62 15.72 -66.24 -98.36 67.68 -78.40 69.13 -58.46 -75.64 -63.90 -55.95 76.20 -3.00 13.35 -52.48 -21.37 33.64 -12.75 4.33 51.63 5.21 -46.10 -50.59 -21.24 42.37 6.63 -75.49 43.47 -25.25 -75.50
42.31 17.92 -3.13 47.14 75.88 -33.62 60.73 11.01 55.36 -91.01 57.64 73.34 -37.35 -76.02 -82.69 4.74 -44.87 78.66 -22.26 51.89 -30.18 -35.99 9.39 32.50 5.10 -74.13 -48.02 17.26 71.78 97.95 -89.13 34.71 -70.68 -32.40 51.68 25.26 68.80 38.52 54.52 85.80 35.58 49.44 97.11 94.00 -19.94 -13.44 -55.47 -23.52 61.46 -42.80 -9.39 71.66 68.53 67.57 -59.17 86.02 70.17 -80.24 -16.16 -96.96 40.87 -47.01 -14.58 78.76 -77.04 51.24 -69.51 -66.66 99.64 -24.59 -19.86 -6.32 2.51 0.09 -79.15 34.98 -30.59 -3.95 -61.95 -87.17 81.73 63.76 47.13 91.03 -96.44 -19.12 -30.99 49.92 -89.16 -94.44 27.87 9.24 37.17 11.44 -76.94 3.60 -32.96 -19.00 -90.22 54.05
9.01 55.81 -50.94 19.43 -72.18 -10.54 -54.42 -92.91 35.42 68.08 -60.08 -69.42 88.41 -77.78 -39.11 -63.67 65.57 -19.15 78.77 -7.66 -35.58 -98.74 69.56 -5.54 -79.13 43.26 80.95 35.27 50.12 -87.42 -1.60 58.28 16.08 66.64 44.82 36.97 -11.48 -15.47 19.33 -33.85 25.30 29.01 57.28 80.92 1.27 87.18 -77.75 -3.68 44.84 89.99 61.25 -69.15 69.84 7.74 60.99 -97.62 55.03 -16.90 -38.69 -87.11 70.48 68.96 -32.07 -46.27 -88.46 52.18 59.97 -25.39 74.75 17.52 97.68 -54.35 -33.38 96.86 -40.59 -1.43 82.86 -71.70 -35.02 -96.88 82.77 -12.37 74.72 -50.69 -24.20 79.69 75.80 -64.02 67.29 60.02 -48.84 37.94 52.79 -51.90 -42.59 27.96 -88.73 94.22 -52.80 23.14
-11.80 18.87 26.86 -28.75 92.79 61.82 -57.71 72.52 -73.89 46.93 97.15 -10.20 47.75 37.02 -78.96 -79.41 67.15 66.17 46.82 -91.10 -13.29 -24.29 -58.74 -41.97 -38.06 -37.16 -21.34 57.14 -75.75 -73.93 -59.50 -67.50 -86.57 30.48 -9.70 90.14 67.82 -73.29 85.82 88.99 59.38 -68.81 -70.16 -71.95 59.02 97.63 2.86 9.78 -73.92 76.95 -92.70 -98.18 -75.54 -60.74 -52.56 21.91 58.55 21.91 80.76 40.52 34.72 87.01 51.22 -72.86 -27.83 54.61 46.58 -27.06 -0.77 49.27 25.48 -33.64 -15.50 -50.47 -76.74 -15.19 23.95 -50.17 17.63 83.22 -32.86 37.96 -68.63 45.57 70.16 -42.93 36.74 -89.34 -44.99 22.52 30.31 23.55 94.51 -79.05 44.27 66.08 -55.24 0.57 -85.02 -56.45
60.06 91.23 55.81 97.54 6.04 -48.97 -70.87 -21.55 2.56 17.19 78.63 22.85 69.85 -33.74 38.50 -79.09 -53.69 -67.61 -2.38 -95.39 -62.52 -38.58 -67.73 -81.69 -98.65 -38.41 83.42 -80.52 -12.15 34.93 95.50 9.24 97.61 75.80 -57.02 -29.65 -25.12 58.43 9.36 -59.32 11.96 80.24 98.65 -71.12 -53.60 32.27 -2.29 -42.96 -37.11 -21.12 16.81 -1.09 56.06 -31.98 -92.46 32.22 16.22 -8.89 31.66 -65.57 33.01 -62.27 -58.67 -23.01 3.22 -78.36 -54.93 -24.34 -36.13 -66.53 60.07 58.24 -92.28 98.91 66.54 89.22 -13.37 89.61 -61.42 -50.41 82.29 31.59 -50.82 58.48 48.31 27.69 -8.84 -65.96 -3.72 40.72 59.69 -52.43 -62.43 18.95 87.05 -13.54 13.39 -77.76 -12.79 3.50
-85.95 -38.79 -22.40 12.31 -12.35 6.99 -81.15 -93.96 -31.56 -25.08 70.49 21.75 95.08 -99.44 -74.14 -52.17 70.04 -58.03 -8.98 -78.14 95.66 -14.00 -51.90 -28.85 -56.34 -67.23 91.20 -3.88 -66.94 80.25 -40.92 13.97 21.98 3.91 88.20 -77.25 -84.59 -62.19 -18.83 62.36 -80.66 -82.08 -30.58 -74.17 0.52 -22.52 -67.54 53.73 43.94 38.32 75.20 -80.85 78.59 46.16 -7.75 -29.29 -54.61 -12.29 -64.30 -90.90 57.79 79.24 -66.70 -0.60 -23.23 91.17 -44.08 88.38 6.49 -33.92 82.80 75.17 15.36 23.49 -32.62 71.38 24.82 37.03 7.33 -53.89 77.50 62.08 58.77 82.75 -63.38 -79.59 97.62 55.95 -26.31 -71.28 -69.47 7.45 62.14 -20.89 2.56 28.26 24.25 86.40 -15.13 31.96
21.77 60.09 0.47 -82.33 76.99 -37.56 98.41 72.12 -20.06 -94.12 52.07 1.79 -7.69 92.79 -84.55 94.59 61.92 9.76 -35.92 -34.37 -22.25 34.22 99.12 -96.82 -36.26 37.70 -66.25 -29.78 41.31 92.11 24.20 -49.08 -56.66 10.64 42.05 -0.59 -48.81 47.10 65.72 56.86 83.70 15.13 -41.38 46.67 14.96 79.16 61.47 83.98 -1.82 -63.87 -79.56 -43.82 -91.11 -48.99 -87.59 54.34 89.89 3.15 76.05 -77.68 3.86 74.80 86.42 -43.25 4.31 -24.67 -43.88 56.98 -5.41 -62.85 -25.20 -10.67 76.92 -98.54 -49.69 -60.41 -27.46 -93.81 -82.68 -6.11 -86.71 55.77 -59.79 -94.60 71.65 29.90 -22.32 -27.03 54.85 2.54 -87.18 23.81 -70.80 -70.72 31.97 86.95 83.29 93.99 -33.13 -47.76
-2.11 10.74 -73.20 34.94 -73.21 73.46 -88.12 -1.33 -63.40 8.81 -67.82 83.67 1.54 -35.80 -85.14 80.82 -65.61 -1.60 -69.74 -79.28 -80.28 -71.70 -85.19 66.77 -50.40 70.38 85.42 55.47 6.71 -15.81 -20.91 25.67 -12.64 52.56 -5.92 91.97 -6.49 89.30 -73.93 59.74 -61.52 -79.51 -12.38 -58.43 -75.66 -49.08 33.51 64.09 44.37 -32.71 33.48 -44.33 93.90 81.26 78.74 -24.46 -61.94 5.92 -8.12 62.31 50.16 41.92 29.19 45.78 98.74 43.04 -25.74 -10.81 12.15 -62.78 -85.67 -20.58 91.04 -8.94 -34.76 61.49 -97.15 -41.42 -48.62 -82.27 18.46 -34.14 -65.39 -28.00 33.46 -40.00 -75.43 26.29 39.78 2.71 -17.58 -43.52 35.25 84.84 33.47 -47.30 -50.36 79.72 55.80 77.67
70.23 64.19 -34.15 17.72 7.44 -28.64 -64.58 -88.54 90.12 -80.37 22.15 -63.26 -69.21 -77.73 86.43 2.98 -86.58 2.24 15.01 24.14 17.76 49.29 -14.65 -68.97 -47.06 -76.58 13.46 82.86 -43.94 27.84 -87.66 98.45 -10.09 81.79 -14.45 -75.73 42.40 -91.23 -12.95 -89.08 -60.37 -31.02 53.89 -35.76 -21.05 90.25 -57.42 -77.55 96.66 -88.15 75.02 -76.15 -99.89 42.57 59.21 -22.81 57.09 79.37 77.92 -62.52 -17.85 36.85 -70.29 21.70 -80.20 4.97 -3.26 6.36 -7.81 17.73 -1.44 30.95 57.41 -85.17 94.85 74.36 -85.71 -95.94 46.16 -69.07 -41.28 -47.02 -62.39 -32.34 15.83 -50.36 -34.08 98.19 31.43 56.09 85.67 -17.59 80.40 13.50 -87.46 64.38 29.01 27.37 20.07 54.44
66.70 44.29 34.27 -94.94 21.97 78.74 -19.73 50.66 -16.29 95.30 -7.05 -8.27 -99.39 45.77 -7.11 11.24 -67.76 48.81 62.69 58.04 -37.72 -85.99 77.44 70.32 -11.43 -19.62 -32.54 20.18 20.08 -14.65 -73.11 -85.39 38.19 15.51 66.06 -72.79 71.66 -3.69 -34.53 -93.34 15.58 34.20 63.92 -68.18 62.67 -29.53 80.06 68.91 -6.20 99.51 -43.32 -76.99 -37.96 58.14 -9.89 -46.48 76.57 76.37 -27.08 -29.63 -81.25 -52.05 -34.62 -19.27 -5.83 16.97 72.86 13.09 46.60 -75.70 3.02 -43.31 44.63 -69.16 67.80 -56.95 -31.04 77.22 -53.83 -29.85 45.25 -64.72 -5.86 -74.57 62.54 50.06 26.31 -1.43 -98.43 24.00 -6.60 -18.30 88.88 7.48 54.79 -75.30 32.18 -48.45 -89.61 32.00
-39.25 32.39 -66.01 -24.60 81.98 39.25 39.85 99.87 -63.39 75.04 84.03 -22.73 90.11 29.95 24.02 -14.93 -51.83 -48.99 10.18 93.97 -76.71 -64.08 -30.00 2.82 -69.86 -2.96 30.33 -59.12 -87.84 -54.48 89.41 -93.33 -93.40 59.98 -88.63 -53.80 29.99 -89.72 46.89 -80.13 54.60 -91.80 67.06 -51.81 -95.74 -1.38 70.04 58.12 69.80 -33.83 -64.61 -23.77 -95.83 -66.22 53.12 36.23 -40.03 -84.64 88.95 36.44 89.70 -77.87 -35.49 -58.10 93.64 -74.96 5.95 68.90 -55.52 -94.62 92.94 3.53 16.38 -18.22 -98.57 87.48 -32.14 31.80 -82.29 16.51 35.15 17.98 51.52 -25.46 -9.53 7.03 -93.51 -26.36 28.51 -74.35 73.33 -30.01 3.34 42.58 -46.83 66.72 -5.30 -23.28 -98.60 51.23
34.37 -8.74 -69.52 86.26 -86.87 -1.91 8.15 -3.36 -60.50 -80.55 -27.39 -45.23 -62.37 -72.85 18.92 98.44 32.38 48.53 -15.88 66.84 -34.42 -80.14 85.79 64.00 23.32 -70.53 -11.29 -36.08 78.74 -33.35 68.51 -14.54 48.53 53.15 4.05 54.60 -5.98 -27.55 -5.84 -22.06 4.78 70.83 -98.17 -22.82 91.56 -50.72 32.74 -93.13 -46.40 41.31 -67.51 -87.61 72.28 98.57 -47.84 -50.99 -89.32 -14.32 92.24 85.41 -41.25 -87.21 -21.22 80.32 72.18 -22.32 -28.34 -33.68 -37.52 80.58 96.58 62.18 26.27 80.71 -63.58 -44.78 55.17 -12.00 -67.99 -84.14 -36.12 -6.81 82.77 -87.10 -50.96 98.93 -46.13 46.35 28.67 44.40 -95.57 -93.23 -50.96 28.93 25.37 8.82 72.13 96.63 30.76 -95.82
-1.29 30.71 -62.18 -44.40 10.28 88.32 90.93 63.72 -77.04 50.48 -53.63 -63.70 -94.12 -9.40 73.73 -61.58 -2.59 92.41 15.03 -34.92 57.33 -47.49 32.65 -85.61 22.68 1.93 42.40 -69.33 15.05 82.02 -66.05 67.59 4.48 -56.99 -5.31 76.43 -77.80 -21.99 -76.53 -11.04 10.95 16.02 48.15 -68.38 -50.29 -3.84 -43.45 82.99 9.39 36.47 -75.15 -47.83 -24.15 1.43 39.04 65.71 15.88 68.58 -52.38 26.86 18.59 81.27 -31.59 -65.59 33.82 -79.00 -98.22 11.59 -79.57 -27.59 52.17 -9.53 -69.73 3.69 -67.18 10.61 -27.43 -99.42 -33.25 13.82 4.91 -53.73 -24.64 95.05 -17.31 46.07 52.20 -67.25 -58.23 43.05 15.38 -27.56 48.46 84.52 -32.36 70.73 -89.16 -1.91 -50.28 -11.36
35.56 81.47 55.74 -21.72 -65.48 43.52 24.68 40.15 46.11 65.82 65.50 84.94 52.64 -90.20 -49.66 -34.54 72.23 -65.69 -66.56 24.63 83.31 -17.86 72.36 -9.90 -26.82 90.61 31.31 95.84 23.52 20.00 45.99 -4.94 -2.22 85.03 -83.51 -75.50 -48.28 61.29 -46.28 19.54 -88.16 -1.16 -20.07 24.99 94.84 -2.32 36.10 -82.46 66.48 -3.88 33.56 -45.21 -91.71 -1.43 99.18 -10.26 59.64 -23.53 -80.51 -70.83 42.82 25.39 10.02 -47.11 28.95 64.68 -35.55 -43.26 -31.01 -89.69 -49.40 -67.42 -19.13 98.21 84.78 -85.73 85.30 -52.39 96.51 -28.33 22.88 -13.08 93.94 28.02 27.95 -74.11 62.43 23.75 7.57 35.29 -98.74 77.79 -4.27 -40.44 -98.78 -94.07 -76.14 -91.83 -28.64 -61.86
12.80 80.21 -48.30 -14.23 48.59 -56.74 -65.47 70.13 -80.31 -12.06 1.93 13.21 67.17 38.60 -95.30 80.68 -35.59 78.50 -91.48 -35.44 -90.53 -78.97 94.42 -63.12 -32.37 -44.20 12.34 59.37 66.84 -68.54 -44.61 90.82 35.11 69.10 -40.70 -31.43 17.56 -53.40 27.49 -57.98 -67.24 65.98 -79.99 22.90 -37.45 82.51 -77.69 -23.56 -3.67 31.38 -7.14 75.25 5.48 34.65 -53.96 86.65 -87.25 -41.86 34.13 -66.74 26.87 -92.85 -96.82 93.69 -20.06 -59.67 81.87 49.86 -23.54 -13.79 59.82 15.67 -80.29 79.44 -61.88 -7.35 1.19 -89.32 -57.24 -72.57 32.11 -92.10 46.18 14.00 -65.72 61.75 -25.01 -80.10 -43.22 -46.55 94.26 -48.49 26.56 63.75 -79.08 -54.68 52.63 -77.34 39.68 -29.77
-42.83 -75.59 64.90 -7.06 98.05 46.38 -73.23 -71.08 37.95 54.19 -95.20 -21.49 -9.66 87.50 99.98 -91.14 40.61 -21.05 -92.70 -54.81 46.07 73.67 -11.66 63.71 -9.74 -93.21 -6.66 -51.37 -16.81 9.07 8.41 2.62 15.93 -84.20 48.38 -86.46 -27.13 -69.21 95.01 -44.56 -3.45 6.27 86.59 96.55 -42.65 46.24 -66.98 45.79 55.09 74.01 -30.55 66.60 83.87 -78.78 91.40 -84.39 -55.28 -52.55 -7.60 -31.21 -93.96 -79.84 -70.02 -85.36 0.08 35.54 -42.51 10.96 -0.74 65.54 76.67 27.46 69.01 51.09 -42.75 -20.93 -30.92 -37.42 -12.46 70.55 -83.18 -90.84 77.63 36.09 -90.31 -97.15 -89.50 -18.83 -66.72 -37.70 59.00 -46.99 -66.64 -62.75 -8.22 2.37 -15.40 85.41 -53.60 -1.49
5.33 -74.90 57.22 -16.92 -80.22 26.88 -97.10 -83.24 -75.08 20.84 9.15 -84.96 -39.30 19.62 -29.72 89.80 -38.06 77.80 -62.24 62.37 94.58 39.41 50.12 -31.97 8.02 -14.12 32.12 -37.05 70.83 -58.93 -57.98 38.07 -49.59 -74.62 18.30 -27.20 -31.95 33.59 94.15 26.19 -58.30 22.92 -38.16 15.03 -32.22 56.47 -47.24 29.80 58.27 -65.61 -82.63 98.66 -39.51 -8.26 -26.31 66.92 -77.22 40.28 77.30 20.14 -37.63 -97.54 -86.40 -67.93 39.33 72.14 -84.00 19.05 -26.10 33.78 92.35 57.56 47.93 -61.29 88.38 35.48 -70.58 -16.21 -72.13 -27.09 42.88 -0.61 -26.60 60.64 -29.86 87.16 -31.45 77.62 -11.91 -17.18 74.70 71.64 33.15 -11.21 -21.94 -6.28 30.94 -89.49 -8.31 -77.07
-10.58 -66.82 -20.32 48.09 -8.11 -98.16 15.71 -74.84 42.60 -19.01 67.31 -69.62 -53.73 83.46 -13.10 43.86 -97.10 -66.27 -70.39 90.17 11.41 -52.81 -62.95 16.90 41.42 44.86 -82.29 -92.36 -65.52 2.92 62.84 68.81 -70.97 -11.48 83.78 29.33 -8.48 -41.73 -66.54 0.56 -86.74 8.83 27.37 -19.18 -69.04 -93.87 23.30 95.11 55.22 -73.50 49.57 98.66 58.68 18.36 -27.75 88.36 32.49 97.11 30.08 -6.69 -59.10 34.62 -34.34 -22.07 -1.19 5.02 -54.24 -82.86 -23.88 30.56 94.43 41.87 -3.08 -9.95 1.79 33.27 -4.66 56.55 -14.39 38.81 67.52 25.63 86.99 26.97 -92.91 -99.71 -24.29 13.18 -3.76 77.28 -77.60 -42.25 68.64 43.06 80.66 10.41 75.47 -58.20 98.23 76.01
77.98 57.90 -32.17 56.24 -54.40 -30.17 46.23 33.32 -33.34 26.56 1.24 -27.05 38.23 -39.18 -58.57 -51.42 -50.35 62.63 68.64 88.79 42.43 88.38 2.16 -75.34 -75.46 56.17 50.50 -10.29 -38.15 92.18 56.10 -7.90 57.19 -85.13 -16.73 -67.84 16.62 34.62 26.17 -75.46 -14.72 9.37 38.06 -47.30 57.44 73.68 18.11 -59.75 81.02 -38.16 66.53 -32.92 23.92 -56.27 47.01 -98.55 93.00 1.46 19.10 59.23 94.70 19.20 60.99 56.67 86.54 -10.54 88.65 -94.34 -50.48 4.46 39.57 80.19 -11.77 -50.22 51.70 -69.56 -36.35 60.61 46.52 12.25 91.83 -10.66 -66.58 77.04 22.30 44.67 23.81 -38.92 41.16 20.08 -28.77 -30.33 -62.48 -73.76 -17.22 15.81 24.58 50.71 99.35 -62.81
-83.08 -61.61 19.94 73.61 -52.93 -70.63 81.87 -60.11 15.42 86.20 76.24 80.11 -95.42 19.57 69.55 -27.72 65.83 -22.81 -20.97 -94.28 79.30 -4.84 -65.57 76.79 29.06 87.89 13.73 12.21 -64.72 -36.85 -57.81 -15.55 -63.17 -68.45 -65.06 93.28 77.83 26.79 -60.43 -52.77 4.59 54.15 10.01 57.09 -48.22 -15.67 -16.18 62.83 28.52 -73.80 53.77 -73.71 -32.93 -72.70 93.56 -93.90 -97.84 65.15 -92.51 -87.73 64.17 -61.51 92.39 55.47 -5.63 93.85 -51.94 16.92 29.21 45.06 19.26 69.58 27.76 -25.16 96.07 -80.37 -15.03 -5.92 -91.44 15.47 51.86 -15.64 -1.69 44.84 -52.39 -21.49 43.22 28.73 -5.87 16.81 93.54 -51.28 -45.00 -39.86 -15.17 93.74 97.73 -48.28 1.75 -19.21
43.42 -2.02 -34.26 -47.70 70.47 23.74 -29.98 -18.43 36.35 -61.02 90.06 70.28 -41.61 0.61 -91.32 48.36 -90.73 25.48 -31.77 57.85 69.25 -11.47 5.33 31.94 58.68 72.16 -98.58 67.81 69.08 -58.50 -31.26 23.98 -22.72 -73.55 99.32 -48.84 -36.02 -57.92 5.83 -31.14 -69.37 73.51 -60.79 -31.96 -44.13 -85.81 22.58 98.98 85.82 -28.36 -99.40 -1.65 -29.37 -12.28 -86.19 -38.40 67.74 -90.14 39.17 -1.21 -85.11 85.28 -51.10 -59.69 -88.51 25.64 -90.32 -18.44 -63.07 20.93 -30.98 11.99 24.46 41.38 -44.93 76.06 62.83 83.51 0.91 -30.70 30.85 -39.79 11.99 14.04 -70.16 17.23 42.47 -4.84 33.74 7.45 14.29 -92.40 -88.08 30.37 -45.02 65.29 93.07 51.06 -39.74 14.98
49.50 57.64 79.04 -1.20 55.00 15.47 -57.55 18.12 88.94 -25.45 3.48 -30.45 -46.70 -0.97 -57.74 -78.31 15.37 -90.62 31.62 -15.16 -3.41 -58.54 -95.32 74.31 77.94 64.94 49.42 11.73 -48.25 2.26 -37.42 -94.35 -31.21 -25.37 -81.63 -68.09 20.94 -42.59 -30.77 7.52 2.55 34.62 -31.92 -40.51 18.93 4.17 82.37 78.71 -19.25 30.62 -67.27 6.81 82.56 -98.47 -25.51 -23.34 71.60 -93.74 -46.93 14.74 46.76 -93.64 41.71 -61.85 18.28 -16.28 66.21 72.99 36.97 67.40 -92.67 5.88 -77.06 -16.86 -93.94 57.13 56.34 47.64 68.26 -39.85 -44.40 -5.14 96.77 66.52 25.81 20.56 26.89 19.22 -37.59 -14.28 54.83 46.95 11.57 74.96 63.82 -25.91 -29.17 13.36 10.78 -30.88
91.79 -8.71 -72.36 -64.64 37.84 26.64 -75.96 5.02 74.20 -96.54 -76.49 33.14 95.74 60.76 -16.62 -13.73 -38.75 4.63 -60.25 28.29 -14.64 -0.54 0.62 88.69 87.82 -53.20 -31.94 82.23 -80.32 36.20 68.80 64.37 7.27 3.98 17.07 -30.27 98.01 76.19 -90.72 -13.21 27.21 11.84 74.55 -32.65 -21.55 51.94 -9.90 -38.55 61.81 44.61 -91.38 -26.88 13.06 -68.19 -13.27 -49.72 40.91 75.25 -52.75 -15.54 79.50 -7.01 33.55 16.16 99.13 -68.43 -2.44 -52.43 79.42 -82.74 38.71 78.07 -34.91 95.74 -51.22 60.03 -27.30 -4.34 -9.20 51.22 48.83 -19.34 58.58 32.92 45.18 68.91 68.55 50.20 59.32 -47.33 -6.87 -61.81 45.00 -40.94 -56.21 -63.39 47.25 -87.88 72.80 -45.10
65.74 31.64 6.25 91.66 -23.13 59.65 92.52 -41.09 -83.52 76.98 -96.38 3.71 34.10 30.26 -19.95 47.04 -14.16 -11.17 70.41 65.46 56.57 60.33 -94.64 78.02 71.66 -32.32 97.69 -66.01 75.08 -83.07 71.14 -54.07 7.33 -45.71 69.72 45.41 -76.97 1.00 -48.22 -64.80 31.17 92.33 66.16 -6.91 47.55 41.08 24.40 41.61 36.48 57.14 26.47 33.04 57.06 -23.18 95.91 -28.64 -43.53 66.06 -16.06 -4.82 69.45 -81.36 2.48 88.05 60.71 -50.78 80.13 -91.20 76.73 52.55 74.31 -77.57 20.60 -98.11 -85.96 60.49 -11.46 -52.33 80.81 -39.38 2.08 -31.21 55.96 77.86 88.11 -60.52 -6.30 19.08 -14.73 62.31 8.34 54.83 11.31 -88.20 -25.98 75.55 -54.55 87.66 -49.15 -49.05
-60.06 97.77 78.92 32.51 -6.58 66.89 -57.85 -45.30 24.42 -8.70 36.13 -57.94 -39.65 -58.07 -12.07 -83.51 -60.20 -29.57 52.28 -67.99 38.05 -44.72 -66.11 87.61 11.84 36.56 83.59 28.82 -6.36 -68.53 66.25 76.16 -48.30 -27.04 -62.26 2.04 -81.70 25.07 8.37 -4.43 74.04 -52.48 -66.22 -30.88 47.20 91.15 81.13 47.87 -45.34 -65.05 56.95 4.89 37.16 -17.18 -80.10 -5.61 -36.50 -86.99 -68.35 96.40 90.05 -22.06 -17.47 -21.11 -81.17 -90.35 42.61 -94.84 -92.28 -82.93 7.39 97.70 51.32 17.57 -9.71 -49.68 -31.05 -33.79 80.22 -14.94 33.86 -53.41 83.32 -76.21 -73.09 -46.19 -39.79 -10.76 -93.44 -8.04 78.51 -9.83 73.77 19.09 53.81 71.40 25.39 -92.52 42.76 -71.41
16.08 1.66 -87.72 35.63 24.90 30.08 44.21 68.79 62.26 85.21 82.26 27.31 -42.20 30.96 74.08 -25.01 -81.55 75.14 11.21 28.17 89.17 -12.30 -48.74 -63.58 -22.05 -14.31 94.79 42.19 -32.66 -78.63 -29.73 -37.18 -37.23 -35.77 -37.17 67.25 -63.01 70.47 0.34 -27.80 -6.79 -51.70 21.34 55.14 14.95 -59.85 -65.99 -82.68 42.26 51.56 -68.32 -19.57 76.17 -93.93 -44.00 47.46 -20.22 60.63 76.02 42.90 -9.03 -75.27 -82.05 93.68 -28.33 21.58 -98.45 -69.71 79.27 -22.28 -7.88 -83.59 71.57 -48.31 93.23 57.09 -73.21 62.33 -47.27 -66.59 63.55 48.38 68.41 79.48 21.60 -41.27 -19.00 -32.11 84.82 71.21 -52.70 -97.99 -69.24 42.18 50.77 -31.33 16.23 68.63 -3.73 -68.25
-82.86 -17.45 5.17 54.68 -36.90 59.57 82.33 66.29 -70.86 56.02 99.93 50.77 49.98 53.96 69.88 -24.36 -23.39 68.21 74.56 -76.25 53.32 78.45 40.65 -41.04 79.32 -53.60 13.06 -66.01 -48.18 48.42 38.36 -98.63 83.10 -86.72 -55.97 90.02 78.98 -81.71 1.50 -19.88 23.75 53.34 -56.29 -33.90 -72.61 -60.22 -14.15 -3.69 -74.47 95.82 85.43 -28.87 68.38 89.11 52.75 63.77 65.85 -31.13 -41.40 -32.13 -82.87 46.85 -63.75 10.39 -70.82 56.64 26.90 -77.00 3.62 59.56 -23.15 -31.82 41.90 -68.99 -32.41 -37.15 0.64 8.35 98.72 -14.38 2.44 57.13 -53.19 38.09 -21.48 -96.37 -62.50 -95.10 32.36 -12.60 72.04 54.46 95.51 -58.96 -24.95 18.64 28.46 71.34 11.41 -95.07
-6.61 -20.44 -6.42 30.48 -12.09 -51.20 23.10 -66.38 81.37 98.20 -43.98 16.22 -38.13 62.89 95.44 -46.72 -62.17 55.14 -75.91 -46.06 79.24 6.50 -71.62 -88.04 4.62 -73.00 39.70 -44.57 15.14 -98.09 54.43 -10.71 -58.26 -83.57 -96.90 -35.05 65.40 63.71 -41.17 -94.98 -32.46 19.75 -99.24 81.81 17.08 -9.35 78.71 -5.85 37.47 -33.57 -66.43 18.83 -75.44 46.38 2.62 -82.96 54.83 -68.80 24.93 29.57 -30.43 93.11 24.32 30.12 -95.51 -36.12 83.24 -61.90 65.63 13.65 -70.46 -57.13 71.14 -88.11 9.94 75.34 26.15 -1.33 -15.95 79.70 -50.50 -39.18 -7.57 89.40 12.19 90.90 -91.20 3.26 -27.38 66.95 -99.46 96.09 38.13 -29.08 77.94 64.91 74.49 -84.56 -49.93 -78.13
-16.07 18.02 86.60 5.71 -27.67 29.50 24.53 46.57 54.86 89.51 -46.29 -24.51 -19.50 -40.06 20.33 97.06 78.77 48.95 -49.63 -74.68 52.90 -54.67 58.75 11.14 -77.27 31.68 -6.32 -33.59 -13.98 49.05 -24.52 77.38 9.46 -25.38 98.61 -27.50 23.29 43.82 80.20 65.15 -31.23 -14.73 50.52 -55.80 -47.36 26.48 53.37 -33.23 8.62 33.87 -26.15 42.24 -29.62 -66.50 84.80 -0.25 93.08 -98.37 -50.24 79.98 -89.43 -94.29 -65.76 -32.42 -34.24 76.99 55.98 42.70 -82.97 -48.62 -90.88 -1.80 46.13 58.70 -48.47 -93.40 -7.12 47.09 22.88 1.56 -32.15 -34.51 63.34 -62.22 79.82 5.09 70.88 17.67 24.56 26.51 -64.86 15.84 -3.96 92.24 -14.10 36.29 13.92 56.74 -71.83 -30.12
90.92 -33.81 35.38 89.38 -0.99 85.62 -34.08 -28.16 31.36 16.85 -59.06 29.76 89.16 -86.05 17.05 -31.83 69.83 -78.10 -42.58 57.62 64.87 20.51 1.61 48.30 55.64 42.10 68.07 3.29 27.03 85.09 -90.57 93.00 -44.36 16.23 11.07 -85.81 -37.59 -95.28 74.72 43.78 -54.00 -74.91 -65.29 -72.45 87.12 28.94 -16.55 -22.51 31.08 -24.89 -27.85 -30.85 38.77 24.38 61.23 -30.40 -12.77 -92.41 -80.92 76.00 37.48 -70.81 -71.60 -78.25 43.95 -64.54 -10.75 -69.13 39.56 -79.97 -18.32 -87.35 93.50 -62.05 -55.69 -12.20 94.85 22.39 -37.20 29.06 51.86 -66.02 -4.63 40.92 57.19 1.54 60.41 14.32 -30.23 84.56 70.60 -59.93 37.64 -55.76 88.32 67.88 89.73 31.51 -48.56 -7.12
-37.21 -25.28 1.60 31.29 46.50 -50.42 60.20 -68.54 -44.07 76.27 36.12 0.47 32.83 67.57 15.66 -94.90 23.48 50.43 -33.38 60.36 93.50 34.05 -7.15 -97.08 6.86 91.45 -52.90 66.23 -13.94 87.02 -67.71 87.29 69.83 11.88 -22.90 -43.73 -71.47 -76.58 24.26 -13.06 11.80 -8.81 45.72 -38.39 -95.05 2.17 -72.99 10.95 -64.68 7.06 70.39 -88.28 89.07 -71.08 79.37 70.70 -93.87 -65.34 -22.65 76.19 15.66 31.00 -29.79 -70.52 -13.34 -61.77 -14.00 -30.69 -41.51 16.77 47.11 52.70 -14.33 -13.71 16.98 77.48 48.07 -46.90 -92.56 73.79 85.00 71.85 -83.98 -98.96 -70.19 -30.54 -55.08 54.58 -93.26 25.67 -46.96 -33.87 80.38 70.08 58.80 -37.16 6.30 74.37 -7.89 -77.99
64.73 -85.21 -44.67 -23.85 83.58 -20.57 34.79 -57.40 -43.87 26.33 -76.31 80.77 78.20 -66.57 -46.34 42.46 -47.62 -22.14 77.54 -80.70 -10.20 -17.09 -49.56 23.28 -41.84 -69.82 77.31 -9.15 42.50 -21.19 54.40 -50.23 76.85 60.13 -17.96 -85.68 15.64 -73.20 -72.79 -29.82 99.02 95.53 -20.93 -97.17 -70.27 -33.37 75.91 40.51 -29.60 -97.61 37.57 -57.93 66.45 75.59 -50.17 -10.29 0.97 -21.86 -11.12 6.08 10.72 -29.09 -86.23 -55.48 -84.48 11.05 -17.92 -59.68 87.36 91.54 21.08 47.52 95.98 48.72 -12.22 8.05 63.59 -38.19 -74.89 49.33 -52.67 96.69 -77.41 -97.23 26.80 -17.66 8.63 -47.85 -5.46 -63.04 57.73 -63.87 -8.57 -81.93 53.86 -27.93 -93.72 65.84 36.52 -19.06
6.22 96.35 71.22 74.26 -61.77 97.72 -93.57 29.24 79.71 -69.17 -97.83 -8.15 48.25 8.61 72.50 20.29 -45.42 -15.94 31.35 99.17 64.35 -99.62 36.73 49.46 -35.09 81.96 -40.05 52.98 64.15 60.39 -83.82 94.24 30.97 -2.97 66.01 -72.33 -67.15 -29.02 90.08 -67.29 92.93 -84.43 14.79 -99.62 75.15 -67.73 96.32 28.40 24.35 -64.33 -2.56 60.94 -70.41 -59.73 90.96 -20.87 21.68 -95.84 -24.90 -23.70 -46.76 17.94 -23.90 -90.47 9.75 95.49 84.01 57.04 81.17 -17.62 -5.03 -61.90 -21.14 -46.66 -26.04 45.86 -6.61 -29.02 35.69 -8.29 -59.13 -70.81 -2.74 47.29 88.92 38.57 35.81 40.71 25.91 28.98 97.69 7.63 39.33 93.06 53.72 -57.45 90.27 23.87 10.28 31.55
-69.19 -79.99 -67.65 -59.69 72.59 78.13 -97.51 -9.15 -57.77 -78.21 69.25 42.64 -7.67 2.68 -2.14 9.01 11.19 -9.87 -78.75 -65.89 -37.73 27.02 15.73 26.14 81.67 -28.31 -23.63 -48.32 -84.32 -6.21 -65.16 -66.59 29.58 55.63 70.77 49.04 -24.24 -97.17 -97.43 78.24 14.42 -25.89 16.00 -69.25 37.54 39.63 93.48 26.04 93.83 -20.86 49.81 39.95 -7.22 61.93 -55.73 14.25 78.75 25.39 -28.64 -99.03 25.63 10.35 -77.93 69.88 57.32 47.50 21.11 -32.67 -75.33 64.87 -58.14 53.02 -91.06 43.26 36.35 15.15 -46.82 75.76 59.22 -35.01 -64.89 -29.87 -2.35 -72.37 -56.97 89.01 49.24 -79.83 -92.73 41.88 70.54 -62.96 -44.08 19.24 -25.70 20.37 37.29 -6.30 -66.58 -33.53
-13.43 -29.40 41.71 -45.13 -91.53 -53.22 -40.64 31.89 41.36 -67.25 17.21 -51.20 -70.45 -53.40 20.05 39.78 49.43 81.32 -83.97 -90.28 1.50 -16.25 47.16 -30.68 19.14 -21.79 14.31 20.03 97.47 -57.06 -78.71 28.36 -9.71 43.37 -15.62 -24.85 -77.44 -53.76 -14.59 -70.76 -34.95 -41.36 -19.26 -91.21 -46.50 -15.57 34.08 52.99 17.19 7.13 53.30 -72.45 -54.50 78.89 16.81 71.68 73.27 33.27 98.03 -56.81 16.66 -8.55 -14.96 93.63 34.59 93.28 88.37 90.79 22.01 -85.54 -16.65 -51.24 72.26 -0.09 34.82 43.45 -50.89 -90.90 -94.20 13.23 8.10 -97.00 -26.24 29.78 -8.41 13.02 -72.92 -75.60 7.80 92.80 30.07 96.68 -91.54 -43.41 38.10 -65.42 -32.37 -20.71 14.87 -41.55
39.90 83.62 92.99 48.04 4.01 50.05 -9.09 24.56 37.26 24.09 -23.08 62.66 -96.97 -47.76 33.13 -48.76 77.77 -21.05 -25.50 56.01 82.05 59.90 -61.72 74.46 -20.15 -77.55 -64.94 -51.51 76.25 42.25 -58.60 -70.31 -74.00 -18.40 54.86 -8.44 1.05 -20.14 27.71 89.07 46.94 -14.06 50.48 -53.36 -86.36 -79.60 -35.50 17.31 -54.30 34.76 -34.67 67.40 -46.96 -24.69 -79.18 88.28 -97.70 -96.86 -76.46 -55.17 -82.62 -47.63 83.17 0.01 86.58 -33.15 96.41 -25.24 46.33 -66.91 27.36 -42.94 11.10 -9.34 56.67 57.06 -26.37 31.11 -34.65 44.64 27.51 -1.04 -86.20 -83.11 -45.03 22.49 -23.28 6.13 40.43 -13.01 78.27 47.59 -21.80 7.19 66.62 -80.04 70.82 93.49 90.38 21.04
-54.06 -72.70 40.23 72.46 -59.94 67.29 -93.26 53.01 64.72 18.57 49.76 -30.07 -78.87 -74.82 87.05 85.15 -8.76 -5.86 47.27 -33.86 -9.21 -5.09 -26.55 -95.89 55.99 -65.12 41.12 37.51 29.08 -16.93 -22.16 -94.11 -57.50 66.47 77.98 41.49 13.43 -29.92 -73.71 -70.80 41.67 20.91 -52.55 -35.61 -52.79 17.64 -37.19 96.35 -3.48 56.26 -31.53 36.54 16.16 69.31 -3.92 86.63 59.30 -65.29 48.31 -13.62 71.27 -65.89 79.40 16.17 -18.12 58.73 74.90 -63.20 27.39 8.66 -42.85 -76.02 -85.61 50.15 68.16 96.63 -14.31 76.21 20.28 10.53 56.06 -47.96 81.91 -70.73 50.15 4.63 -49.73 88.61 21.98 20.22 62.33 -79.37 7.18 -39.85 -6.75 -29.15 -77.62 3.40 -58.30 87.65
95.72 67.52 -61.46 -18.32 59.02 84.84 -97.23 -79.17 63.18 -88.32 21.68 -26.46 -8.34 -72.90 68.28 -20.72 74.96 -13.46 45.40 10.54 89.54 27.12 21.60 3.24 70.72 97.26 -69.67 -91.32 -62.62 -90.49 -81.46 16.74 8.85 72.77 -26.98 39.56 -31.67 1.45 22.71 82.32 8.07 -57.67 -25.15 87.33 -30.81 -42.91 -9.48 -61.56 -35.63 -39.36 54.12 13.49 97.70 64.40 20.40 -84.82 -91.09 -5.12 -12.29 63.13 30.27 0.83 80.93 14.29 58.27 86.01 23.51 33.03 -3.10 86.39 -28.59 -74.04 54.82 69.44 -65.02 63.21 -67.63 83.00 -54.65 -71.48 42.37 -12.07 34.38 81.67 -18.94 -30.14 -72.44 11.07 -41.16 10.19 -75.18 25.15 30.19 -77.52 41.07 62.06 -67.45 -92.47 -24.33 -82.31
-95.09 -51.88 -32.22 -46.20 -46.44 -49.30 85.48 -71.36 -89.57 14.17 66.79 -84.63 -54.91 -86.24 66.62 11.43 -51.69 -26.16 -47.00 12.56 60.02 13.08 67.71 -42.47 -94.45 -40.36 96.52 -45.40 39.46 27.44 67.58 -0.06 -34.21 -64.35 -35.72 74.31 -43.00 -49.17 -53.19 1.74 15.86 63.89 -55.45 -50.81 28.34 33.06 86.92 43.02 96.78 -25.57 -30.71 26.98 -43.14 -84.27 87.97 95.86 -72.30 37.50 -23.49 -0.74 -50.67 -50.95 25.11 96.86 63.79 -79.99 -87.76 -45.87 25.63 42.73 -58.90 4.96 -78.94 11.44 24.39 29.79 97.06 80.56 -28.07 -80.78 -46.64 -19.46 -21.26 66.78 62.33 -98.37 73.78 95.10 22.24 -91.68 -56.28 -42.99 -10.12 14.92 -11.93 -98.21 -43.94 -92.53 -58.05 57.07
37.30 -87.70 81.41 47.72 -57.45 47.22 -77.05 -99.64 13.48 -17.47 -70.78 -34.47 -19.08 -51.89 98.05 -27.35 35.41 82.82 -99.87 -0.24 76.31 -80.65 88.46 -38.90 -75.55 -78.21 39.47 -19.26 31.20 40.68 -7.03 -93.80 49.87 20.40 71.45 -61.21 -28.46 59.96 -5.05 -86.17 -22.68 -45.69 -86.71 -10.35 50.30 96.44 -65.04 -92.11 6.01 37.37 54.30 23.08 20.44 17.12 -37.44 17.95 -13.27 -75.47 -48.17 70.42 39.02 74.89 30.94 -90.60 -75.09 -56.19 11.67 -70.33 -54.38 29.64 89.76 -41.90 -62.34 -77.66 1.02 67.36 93.38 -95.93 4.61 86.89 -18.99 48.14 80.86 -21.05 33.15 -2.06 81.16 49.56 56.14 88.75 -95.27 -66.63 -24.40 -25.37 18.33 -79.87 19.77 -39.97 81.04 96.95
14.98 -3.00 -24.30 -37.74 85.62 80.90 -9.49 -19.20 -16.40 -25.90 6.69 -23.40 -64.20 75.80 -12.80 20.48 32.24 -52.13 50.10 -95.52 39.18 70.09 58.95 -4.30 -77.89 -14.18 -80.51 98.10 64.92 14.56 -93.91 24.05 -48.76 -67.92 68.96 39.04 -89.34 -75.35 -7.93 -30.82 84.83 -42.40 -69.95 90.86 82.60 -51.77 -41.88 -21.38 -72.62 97.62 -66.27 46.64 37.79 25.86 21.62 5.24 24.78 -13.24 -23.21 -6.23 -83.75 70.03 -5.86 75.00 41.99 14.86 34.38 -18.49 71.50 -14.47 -78.54 -50.63 -6.98 -67.46 6.32 29.13 -64.01 -92.20 -53.26 46.23 -0.07 10.61 73.56 58.53 95.62 -64.57 -75.71 85.63 7.00 -70.07 88.45 2.74 -27.37 -35.22 -15.62 -78.93 -56.89 89.21 62.91 -78.48
-94.67 -93.19 15.38 -65.76 45.92 -41.22 9.39 -67.73 0.83 80.45 -90.03 -60.36 77.15 -27.90 -26.07 17.71 32.91 44.51 88.85 -83.96 34.05 -74.52 -89.66 -67.83 -38.10 -37.09 95.77 -51.37 80.90 42.45 -90.87 38.60 78.02 26.59 51.33 75.00 91.67 19.77 -86.97 -51.29 -3.22 -94.01 94.09 31.29 93.53 -30.45 -22.95 94.85 -28.18 57.77 -68.22 52.16 -14.56 -98.86 13.69 73.20 7.60 68.70 -53.69 -86.87 77.80 8.72 -51.51 13.43 30.36 48.45 -89.97 43.43 -2.46 64.56 -75.43 -98.28 -81.85 58.01 17.40 47.97 18.35 33.76 92.72 71.32 47.82 33.54 -26.18 -61.74 -84.38 -47.83 91.99 -20.10 60.51 94.53 -48.77 -67.00 -27.13 -25.72 1.22 -16.37 42.77 98.81 -23.61 3.77
-96.43 -95.47 11.41 83.73 -15.14 22.74 -41.43 27.41 80.69 -85.86 -12.83 -31.68 50.66 -37.85 11.87 30.87 17.38 26.00 93.81 54.60 48.32 95.87 8.71 -43.68 -11.14 38.60 0.14 73.28 48.57 -40.64 -46.45 73.29 1.87 23.88 71.77 55.63 2.92 0.34 -46.01 -93.24 -88.75 76.71 19.02 77.95 66.73 82.44 -8.72 -11.62 -39.33 82.82 -78.21 -67.14 22.56 -25.96 -91.32 77.77 41.62 -93.65 24.98 -47.28 42.35 58.97 -53.05 88.97 -83.11 -67.43 -51.81 -2.62 -99.57 -10.59 -74.63 69.84 -28.52 46.34 45.44 74.30 11.31 12.70 26.72 -79.88 24.59 -90.44 55.11 27.97 -29.71 36.36 55.05 97.38 -76.94 -0.55 -11.85 48.41 -54.43 79.28 53.53 25.09 10.92 67.23 82.55 -23.56
23.70 -23.12 -47.95 -86.99 80.90 -12.67 -52.55 75.66 -26.00 -21.22 88.10 64.43 -71.83 -92.62 -64.29 -84.53 -12.59 93.07 13.68 49.37 -68.81 -40.18 -42.34 20.06 -7.70 -21.20 -56.07 30.04 85.68 58.38 30.29 -25.83 36.58 -74.73 47.28 -91.83 44.34 -59.87 -69.99 30.86 2.94 10.70 -58.97 -19.41 64.01 -82.04 -77.18 21.83 18.40 -61.17 -43.33 3.57 -31.73 37.17 14.48 52.68 -43.51 -90.96 63.75 75.78 -93.66 86.44 59.91 -67.64 75.62 73.12 -46.81 -90.23 12.71 18.61 44.80 -8.70 43.71 45.35 48.54 53.34 -0.30 -93.33 -31.73 43.18 23.24 91.67 79.01 5.35 -54.89 25.11 77.19 -3.79 -77.57 -28.80 -30.79 0.89 32.12 -27.84 74.89 -80.58 68.60 -72.38 -80.76 51.12
-95.97 -47.00 -84.83 37.50 -48.36 92.85 -59.43 -42.05 -94.96 -81.88 -17.84 72.08 1.02 -33.90 -16.11 -7.92 -78.72 -50.14 -76.48 95.80 -45.76 52.87 -0.84 -45.85 9.42 45.30 28.90 -46.62 51.87 45.64 91.54 22.06 -6.70 -98.20 -38.53 -14.16 -37.42 -13.02 -7.64 87.47 -41.00 -25.21 18.18 -16.01 11.00 16.13 -90.27 -43.11 36.20 -32.68 55.99 -65.47 -82.17 11.69 -93.70 -73.93 -14.84 -44.12 69.52 -20.48 35.01 34.30 -12.65 6.86 17.59 -93.37 42.32 -93.47 -68.47 93.79 -14.13 88.92 89.53 12.43 -84.89 89.44 -94.24 -19.10 10.97 63.10 -49.49 98.27 38.75 64.02 3.56 -60.07 -14.20 37.58 -75.88 22.91 -9.46 75.50 97.95 -51.96 96.33 -57.29 -91.01 -93.89 -79.53 6.02
19.71 92.47 -68.18 14.87 -13.63 21.97 37.03 63.50 -55.47 -12.08 45.32 24.67 37.03 71.54 28.08 28.16 93.34 92.09 -90.53 -34.15 -48.54 -0.37 -16.66 -44.54 27.58 79.99 36.61 -64.35 -58.32 -89.66 -52.27 48.53 72.82 -21.71 10.39 -86.65 12.09 -76.36 44.65 8.79 -28.67 -42.81 92.65 24.90 0.83 -77.91 -85.50 -71.34 78.43 -37.01 -60.44 -82.75 -38.12 4.86 -71.59 32.67 76.18 -67.19 34.44 -31.10 -64.94 88.88 -65.16 39.35 -90.89 44.51 13.55 -2.96 -46.29 19.18 9.54 -96.88 -61.71 37.39 49.56 75.99 72.87 -82.45 29.35 24.23 -73.13 71.45 16.90 23.69 -75.05 -51.21 12.56 -88.03 -41.90 -33.23 5.47 -90.91 38.25 37.36 64.34 -53.08 -43.22 52.48 6.84 50.41
-76.16 -76.15 -85.68 69.73 69.31 -49.13 3.98 97.41 -89.01 66.47 58.19 -28.06 11.36 -51.31 -87.73 -52.34 72.87 -31.79 -46.46 74.30 -82.49 -0.64 72.80 39.97 -38.97 -16.44 -0.44 16.49 -0.50 29.10 -36.26 40.76 95.05 52.96 -93.90 -14.08 35.05 44.32 -99.14 79.56 -52.84 52.11 -96.21 -30.62 72.52 19.60 22.49 -58.49 -1.07 28.60 76.61 -16.98 82.41 -81.35 81.36 42.42 -43.84 -10.91 27.99 21.37 -3.73 -84.18 -98.38 -30.30 -79.14 94.14 -37.43 -82.96 81.04 -41.02 -18.47 56.14 -44.97 -68.52 33.23 39.01 -46.81 24.47 -1.17 -47.89 93.54 60.85 -7.21 -26.63 13.71 -99.95 13.47 46.24 10.16 39.77 89.46 -90.28 -37.31 -78.16 -99.54 81.75 89.60 74.25 -54.71 -51.71
-55.17 -43.10 -6.42 -45.50 -69.79 36.53 -13.21 -68.77 40.74 -69.07 48.81 -55.80 82.91 -23.45 -26.33 35.21 9.17 29.07 84.55 73.59 -94.75 85.29 -99.10 -2.92 -2.51 84.44 13.12 64.45 66.97 -77.83 -10.85 12.44 -30.24 -1.53 -88.73 -75.95 93.28 95.91 -10.54 -88.71 58.73 -3.56 34.46 -64.01 58.62 -9.04 56.77 26.27 52.23 -61.42 98.80 73.25 -66.88 92.39 -31.54 65.46 79.35 19.48 -37.88 -71.69 4.98 -60.16 -16.75 58.42 12.02 14.78 -52.27 85.31 -77.65 -45.17 25.16 45.20 -54.59 70.23 -22.73 -23.67 28.54 14.67 94.37 -74.67 46.14 -38.90 -86.91 -73.48 -97.17 29.10 -44.68 54.92 -10.06 -91.64 -95.41 -0.02 -30.20 17.06 76.01 41.37 95.54 2.08 -34.07 22.45
-93.85 -76.65 57.39 70.47 26.09 -62.65 96.83 -3.44 71.06 75.76 75.75 -59.63 4.37 90.81 32.45 52.05 -75.78 1.09 -38.02 50.88 -8.04 -2.68 30.66 40.81 48.78 6.86 -24.64 -94.04 -74.84 -79.69 33.28 -65.19 -42.87 87.81 99.43 -37.91 -79.28 -73.23 11.54 69.44 74.04 83.42 -11.37 57.98 4.17 -48.59 -17.98 -84.69 -65.63 4.84 -71.48 -61.37 -25.90 17.59 -44.93 79.41 33.43 19.09 -7.70 -59.12 13.19 72.02 -2.28 -41.34 61.84 -70.04 84.52 -52.85 67.91 -35.25 72.32 -60.04 48.08 77.54 40.42 -44.16 -12.24 7.69 -68.38 74.23 23.36 -25.88 -83.09 68.99 9.86 -35.93 -64.55 64.97 -2.51 -47.25 -79.09 13.49 3.86 -20.70 62.60 31.29 -14.92 -87.15 -94.24 92.86
61.65 -34.92 -4.56 -77.60 -47.23 -44.81 -76.10 90.19 -11.10 40.92 52.15 87.19 -42.33 82.50 -77.84 -8.77 31.37 -45.29 29.94 65.22 64.56 6.34 36.77 95.50 63.87 92.59 87.80 68.07 -65.12 54.09 8.52 -3.83 -1.31 90.01 -24.16 46.41 52.12 50.29 -99.09 -78.86 -84.34 -31.69 -0.37 11.85 93.51 -22.72 44.00 -43.01 71.35 80.94 41.63 -60.99 61.39 21.13 59.97 -86.10 -46.73 32.32 -19.38 -74.68 -54.23 83.65 27.74 -48.21 6.76 74.94 75.88 22.60 0.21 95.80 50.51 -40.11 -32.27 -45.14 0.54 2.14 -81.28 -70.58 -40.49 -25.36 -41.80 -48.68 -55.85 -59.29 93.32 50.87 19.41 84.53 -22.21 -49.67 46.21 6.21 68.82 24.13 -89.51 46.99 -55.53 54.91 67.31 -76.96
96.01 -62.90 39.26 10.31 3.29 -84.53 7.38 78.73 31.45 30.63 8.07 89.16 65.21 31.00 -69.11 -18.28 72.80 44.69 27.93 54.32 -48.50 -97.94 86.45 -13.96 78.06 68.93 94.65 -18.44 -65.94 10.57 59.15 -21.96 64.84 17.84 -25.72 52.36 -86.83 -94.21 -22.78 64.32 44.50 -52.59 -58.82 80.42 -83.95 97.77 72.55 -39.93 71.14 -4.30 -16.30 67.33 65.96 80.97 -66.23 48.05 -41.88 -85.42 -60.91 44.93 61.86 -49.90 18.85 74.81 46.67 49.06 7.31 77.99 47.97 -15.40 43.21 -77.37 61.87 37.93 -76.77 -89.38 61.73 -68.31 69.31 -60.00 -78.82 76.17 -30.54 98.68 76.59 -12.14 86.65 -39.38 92.59 41.57 -64.47 -29.03 -13.78 -35.49 -28.17 21.21 36.68 42.10 -33.61 -51.46
-69.33 -5.07 -25.76 30.53 -83.30 27.04 37.75 -61.54 30.20 43.87 -45.88 -34.27 48.00 48.81 -86.26 47.25 91.59 63.58 -25.85 -52.31 -19.00 -19.91 -15.09 -40.91 -5.90 56.33 -32.45 19.88 74.89 56.20 -0.38 50.07 -28.96 -95.41 98.36 16.55 -26.70 -14.32 81.11 95.92 29.06 17.50 -48.79 37.57 -15.42 21.27 -91.37 66.47 92.16 48.18 38.94 28.58 64.30 97.00 16.56 -2.99 -47.03 -65.31 -91.80 44.79 18.64 59.13 35.16 11.36 -48.34 -13.27 10.96 -8.95 8.64 63.86 18.84 -0.99 89.27 -85.68 19.01 60.83 -39.74 -44.45 48.07 -42.34 -29.02 -50.22 -31.90 26.97 -27.62 25.80 44.26 37.91 -29.85 -11.01 -29.10 9.59 16.20 -18.43 -97.89 79.37 -65.81 95.14 92.22 90.51
91.07 -48.62 86.74 74.31 -93.18 -52.71 38.24 -55.42 52.13 -6.39 79.08 37.76 -94.38 -75.51 87.62 -22.73 10.55 41.86 -53.63 -71.35 -41.39 69.25 41.70 27.89 60.92 68.17 -30.89 -94.45 -83.85 -47.64 88.94 -19.55 49.10 -24.18 7.89 22.61 4.22 84.56 9.02 69.67 49.39 -68.30 -80.12 42.88 -2.02 46.87 77.50 53.62 53.77 30.58 -16.68 34.01 10.77 -33.21 1.20 84.71 78.89 99.97 -25.25 -75.30 -65.53 58.18 -53.59 -1.60 -45.27 -6.68 83.93 -99.48 96.50 43.80 18.69 -98.28 -83.49 -40.52 -60.61 98.04 -91.93 -67.59 -23.94 4.70 30.33 -64.35 -30.19 25.70 4.22 -95.95 -65.61 43.76 94.05 25.97 26.65 -68.44 -99.51 75.27 -66.08 93.63 -70.01 14.05 68.26 -49.59
88.48 88.63 -7.19 82.30 24.37 -49.45 -35.26 19.88 6.37 62.67 -84.58 92.50 79.82 -71.37 16.91 -19.03 94.36 -87.19 2.42 -22.70 -80.14 36.80 -69.49 -45.43 -67.72 12.83 16.56 29.25 -72.73 94.97 82.51 -33.19 -7.98 90.66 -98.92 62.42 -85.81 -65.86 -13.43 -92.13 -50.56 -74.40 -79.03 -71.60 -95.36 22.90 -80.81 -31.48 -72.68 -37.32 62.75 42.92 93.37 62.16 -75.53 6.80 86.92 -23.65 81.03 13.62 -65.26 92.68 88.43 64.65 -10.23 -69.29 -36.79 16.17 41.97 4.99 -3.04 76.76 -43.54 0.13 11.66 -62.82 -29.05 -39.54 -36.35 -5.32 37.32 -55.85 -93.85 44.88 -31.33 -89.24 -83.19 91.58 55.21 -62.46 -38.62 -9.91 -70.36 19.49 -87.32 -63.03 -32.63 90.12 56.94 -23.55
-19.93 90.41 80.37 52.00 -75.35 22.87 19.69 -26.18 90.03 -65.86 28.17 51.98 35.13 59.86 -94.35 65.23 33.48 38.90 6.90 -85.91 -61.73 -89.84 75.93 38.45 67.74 -34.47 -70.62 -9.63 62.99 25.23 94.17 -97.52 -34.82 15.08 -46.23 43.96 -51.87 -74.37 63.63 60.57 -74.40 62.07 78.82 23.59 92.10 -54.16 -77.03 -85.83 -58.99 50.71 -45.12 -27.50 -53.34 21.98 -51.70 46.35 -24.46 -10.43 -48.74 -64.39 56.39 63.30 89.03 -37.72 86.93 -42.53 56.36 -27.35 35.73 62.12 74.50 7.86 -73.20 42.03 -42.66 -62.12 -62.89 80.62 -89.87 10.72 44.34 -77.64 33.08 62.76 -3.36 27.49 -8.18 -60.90 56.59 10.25 92.97 -71.09 -20.62 65.23 -80.34 -73.30 22.55 -66.50 -41.17 11.28
48.27 76.93 43.21 1.89 68.07 -7.72 83.36 73.54 58.60 88.24 -27.36 24.84 -87.93 57.54 -5.64 -22.50 -85.40 92.67 -36.98 96.57 -80.54 25.64 47.14 48.52 69.24 -19.42 -8.47 -93.80 23.44 -54.79 34.49 -99.93 -60.01 43.22 38.74 -41.88 -21.67 -38.18 95.34 -80.34 17.32 11.17 89.36 97.77 -45.76 79.93 18.67 -71.22 55.46 77.31 -60.98 66.00 -60.21 1.66 12.36 73.54 -44.16 -76.62 98.08 78.55 -7.28 -5.10 21.91 -38.60 -72.06 29.13 55.02 -31.71 58.44 46.80 91.30 -63.46 71.37 -79.58 -1.19 -70.71 81.77 14.02 -14.58 84.85 -40.97 15.22 46.61 -98.51 -20.18 95.70 75.20 -67.62 -28.72 60.04 -25.81 -52.29 83.02 73.98 53.32 35.68 -11.41 1.49 10.95 -97.21
96.88 -63.73 -24.48 35.61 66.20 -46.27 29.91 10.50 36.15 2.38 -41.41 46.11 17.18 52.13 -47.30 -73.03 33.58 -42.09 -76.19 41.15 -44.61 9.70 96.95 56.07 15.53 84.56 30.45 23.87 -80.65 -45.84 -51.64 34.27 54.91 -88.60 27.89 -17.09 -55.05 51.62 48.18 17.51 -56.63 -56.91 -2.39 23.49 64.87 86.14 74.85 -10.32 20.82 -37.47 -94.50 -64.99 -8.65 37.05 53.40 79.17 -79.89 -12.67 -39.46 75.22 -20.48 -37.53 69.06 -39.63 -18.32 -96.76 84.44 79.83 -16.47 0.39 -85.44 -48.68 37.40 23.03 -23.11 -7.08 43.45 -77.00 82.02 87.27 56.22 -13.36 -63.38 94.66 74.19 47.88 -62.18 -48.42 18.85 2.02 20.45 -87.80 -43.55 -3.93 -27.86 -83.17 10.23 -9.53 14.28 -58.29
-79.55 91.47 -43.08 -43.50 -4.50 -14.77 -23.96 -23.30 76.20 -24.26 53.51 13.35 1.61 24.63 -0.79 -76.28 86.49 -80.03 -46.09 -84.66 59.15 59.30 -3.18 -70.63 60.63 -7.35 90.06 -31.20 -76.51 -2.99 62.43 -8.23 -48.98 -12.38 -63.96 -97.62 92.50 -77.47 95.60 92.44 64.55 66.39 -66.43 6.26 72.94 29.67 13.60 -82.59 36.18 25.69 55.08 2.20 98.73 35.46 62.27 -40.97 81.99 16.94 80.27 -17.29 -88.90 42.61 -83.08 -86.94 25.75 -26.24 -50.43 -1.73 -34.81 98.92 35.58 -32.67 16.20 -54.85 -84.06 80.53 -22.12 86.56 -67.72 88.32 43.58 75.41 -77.00 52.11 37.41 36.89 -19.50 -39.00 30.85 49.14 -8.90 -43.17 -30.08 -70.68 10.87 40.44 69.95 -30.63 14.44 34.95
57.14 1.32 30.65 76.14 -29.43 -81.81 -99.54 -66.46 -42.22 -23.72 -27.49 -94.04 13.05 4.60 9.23 48.23 51.17 -74.47 -77.32 37.71 71.41 51.97 36.77 -75.27 17.10 96.26 63.46 -84.22 -61.21 -60.69 -5.86 -45.17 -94.17 64.52 23.47 42.64 -82.09 -50.40 92.98 -31.88 46.87 57.59 -75.96 49.89 -47.90 78.51 -97.18 44.10 99.25 -67.50 -77.86 -73.21 -86.52 -60.05 75.83 -85.82 -4.33 93.70 -50.11 25.80 73.05 -52.21 -78.40 -7.00 72.83 -90.21 97.01 -44.54 -96.02 -57.60 17.38 21.83 -16.84 26.19 -47.49 -94.85 -44.39 86.98 41.37 -14.91 -3.43 60.76 -23.09 -6.85 23.95 58.82 89.05 79.91 -34.20 -82.10 -76.74 12.83 -39.52 -44.33 91.73 35.56 87.09 -66.48 -67.96 92.62
-89.83 41.48 53.19 43.37 -22.66 -25.63 1.84 57.13 81.59 23.50 99.98 37.35 -97.16 90.78 -42.76 70.14 -27.39 87.29 67.74 19.49 39.39 -62.09 77.94 30.52 -10.30 -48.49 -89.23 9.61 -47.69 19.14 71.16 78.91 -6.10 -6.29 43.62 18.35 -63.23 75.46 1.18 -49.87 -48.47 -54.93 -5.46 70.21 -25.10 75.58 -59.93 -92.27 -29.94 65.59 -27.17 -62.79 53.24 -23.48 -79.58 43.86 43.80 62.11 -43.85 -10.05 12.69 99.99 40.43 -84.19 68.45 -80.88 -75.31 -19.64 84.19 59.36 -28.02 93.06 96.90 16.62 21.52 74.21 83.59 -88.67 -27.89 -8.12 63.70 22.40 -92.75 74.54 -33.25 -39.00 -59.44 79.38 -9.22 -96.75 -38.76 -12.28 -9.58 78.77 -16.05 52.02 -18.00 -75.07 34.63 92.92
-47.09 -97.65 13.89 85.50 -50.89 -51.69 -82.07 86.48 49.77 -3.63 24.99 -93.32 -25.15 19.78 87.23 -50.81 -81.98 -22.89 10.47 61.18 30.25 25.68 76.35 -33.95 -90.84 -73.31 73.43 54.57 21.30 41.56 14.73 54.85 -56.67 57.00 -56.21 64.93 -42.20 15.04 -40.36 54.70 82.57 81.10 -22.84 92.39 -85.53 -71.95 -33.74 -9.77 -1.41 28.39 84.08 25.80 18.96 65.96 12.24 41.03 11.16 -21.80 -73.12 48.00 29.40 -94.54 -63.73 -39.13 -82.48 -35.68 22.70 -38.54 82.16 82.35 -32.99 6.69 -43.23 -77.40 22.26 -12.17 23.51 -65.23 -45.15 -28.31 73.17 51.90 -11.86 2.35 54.54 44.07 31.32 32.77 -79.56 -84.30 1.78 -37.95 54.76 -92.66 -16.57 -86.52 -30.07 -14.08 74.93 -90.90
-44.29 -80.56 1.71 91.75 -11.48 -5.58 63.77 74.82 16.82 7.59 62.61 -15.41 -86.75 -0.03 23.27 -37.07 53.06 -18.62 -37.98 -60.38 -5.15 12.93 -90.97 24.92 -69.33 -0.52 -95.18 74.85 -3.83 -2.27 -28.26 -14.16 8.23 25.94 8.53 -79.35 54.04 84.58 -56.33 -61.71 58.19 -83.91 90.92 -97.12 76.53 29.01 50.39 -0.43 -30.26 24.46 18.95 -57.25 97.16 72.44 18.95 22.46 84.22 -38.95 29.44 38.25 -96.02 70.96 -15.31 -6.32 -92.74 -18.95 65.78 -79.74 36.75 -54.77 27.52 -79.50 -44.52 -14.32 76.92 93.57 -59.40 17.58 -86.23 28.52 43.25 83.30 -65.34 7.16 -91.45 -3.48 72.06 -74.67 77.22 11.00 -86.64 76.36 -80.33 46.73 13.80 64.61 67.98 -87.11 -50.30 94.31
-2.77 -43.38 44.16 -75.04 -8.16 2.16 -69.45 90.79 11.30 -93.49 -96.84 88.16 12.20 -23.93 15.84 -18.10 2.38 -25.18 -34.68 90.74 65.52 75.30 53.61 -68.22 19.89 -42.93 55.32 -44.06 -78.05 9.21 75.67 -29.07 -63.99 59.32 -98.68 -68.37 6.70 24.69 28.25 30.81 56.16 -5.85 13.14 86.95 -26.92 -34.64 -40.14 18.15 -58.68 79.80 38.80 46.76 80.57 57.34 11.28 28.79 51.15 74.29 81.83 -17.22 92.71 99.51 -16.80 -85.85 9.92 56.40 -49.86 -57.27 -77.91 4.80 -19.06 31.09 66.51 35.76 -98.23 30.53 4.24 -39.20 34.18 95.26 51.15 -84.81 -69.36 -13.29 -91.67 -88.60 -46.76 -33.70 -87.75 -50.12 -77.66 7.73 90.90 79.98 -29.64 -69.04 51.55 -4.86 -3.33 -56.51
70.64 -96.88 93.15 -89.56 -66.71 55.48 1.51 0.57 31.58 94.13 51.88 -14.80 79.28 84.05 10.44 -88.34 -67.82 35.52 85.56 -73.18 -26.70 -93.25 1.43 -52.04 11.33 -79.26 -58.52 35.84 13.00 -84.92 -69.58 24.13 53.97 -20.53 -74.65 -77.25 83.26 -16.29 9.39 46.45 34.73 -51.45 -16.43 46.36 24.93 18.56 20.46 21.14 56.15 62.36 -20.12 -39.48 -26.63 -4.21 54.01 -61.10 72.50 -7.33 27.11 67.12 -24.04 25.30 -68.85 34.46 -79.96 -51.46 69.43 59.25 -18.27 51.47 -98.89 -29.12 -18.89 -3.38 1.60 -85.74 -32.80 76.74 -86.35 -2.32 60.42 -58.28 76.63 31.14 18.40 -22.63 85.77 58.65 -23.12 -17.32 -52.10 95.36 20.46 38.20 64.89 -44.65 -54.52 17.16 80.35 -78.10
-17.43 51.56 49.12 35.82 -47.78 -28.49 -75.98 95.37 -83.11 95.53 -47.40 37.06 -34.25 7.93 -85.23 14.74 -52.01 -55.14 2.96 -90.79 -44.54 -81.42 92.61 94.52 -59.83 -66.38 -49.05 -95.76 75.53 -73.15 86.05 54.33 -92.06 -46.50 38.15 -51.37 71.94 47.04 27.48 -29.12 -85.01 67.21 84.09 30.48 5.14 -95.11 -72.13 18.53 39.80 84.78 74.65 23.07 41.04 -30.14 4.26 19.42 -90.29 -12.03 -10.63 -51.60 5.51 -48.14 35.03 17.18 90.17 39.66 -75.26 39.97 47.53 -99.02 -5.48 -32.69 73.07 -11.80 72.13 79.43 11.45 -44.77 37.36 50.93 49.10 -12.58 -65.37 -97.00 24.16 -73.10 -88.83 96.67 63.13 -24.19 49.91 17.49 -93.30 33.55 -52.03 -87.79 32.94 -10.38 -38.62 -81.93
-76.68 47.00 -15.18 36.94 19.58 46.94 -89.16 -68.05 59.79 -4.79 91.88 -99.71 31.64 56.42 20.04 57.75 42.40 -60.07 -22.73 12.71 -55.19 -49.39 77.83 -3.60 7.10 58.58 -39.02 0.33 -83.72 -25.76 61.97 5.16 99.99 84.10 -43.84 37.78 4.54 -26.56 19.08 50.18 -27.54 -65.08 -32.96 -72.59 -43.53 2.94 85.35 -99.05 -29.15 -1.05 47.88 85.10 55.83 -51.44 -52.99 48.77 68.97 84.70 -59.01 76.67 -16.23 97.17 31.06 -75.32 -14.98 91.72 -15.24 -8.47 -55.29 -16.26 98.63 42.45 48.30 -39.47 57.18 74.04 89.45 93.86 63.07 -51.59 23.72 94.82 -10.10 94.93 19.88 -29.90 -8.65 40.03 83.65 71.45 19.76 63.88 -55.33 -89.38 -42.25 -15.61 -19.09 2.77 -45.79 -17.40
68.95 -67.13 -39.54 -60.04 -25.19 -46.68 -65.01 98.04 -33.66 51.21 -35.12 -6.26 -90.76 -93.98 95.81 64.83 70.74 97.24 -61.95 23.27 -40.54 30.29 -37.91 -13.60 62.98 -79.19 -16.22 95.36 -38.93 35.09 -54.48 99.48 -3.45 -29.13 1.00 -5.06 15.10 49.78 99.76 -21.75 76.87 -98.30 -70.84 -38.90 -20.28 16.00 -96.01 -65.88 17.08 -50.49 69.91 -5.42 -92.68 53.59 15.04 -86.63 4.07 18.36 36.12 -62.34 41.85 -97.11 -36.13 97.46 74.36 -8.72 76.23 -36.72 59.71 -88.05 -47.99 -16.82 71.98 77.71 39.67 -84.88 -69.45 88.45 -76.19 -64.94 -75.99 16.35 81.79 -9.82 11.07 59.99 85.50 1.68 -22.55 -23.71 -59.50 -47.30 25.25 -14.03 -3.65 25.60 -59.99 82.67 97.39 -23.15
-61.75 82.88 -93.92 -10.20 44.28 -44.36 97.18 -79.54 -52.25 87.15 -78.34 -49.62 56.34 -11.72 -47.16 -81.60 74.47 -67.62 45.48 -88.10 -73.44 70.14 83.56 -30.35 66.37 97.51 54.75 -68.76 -89.31 -85.92 -69.63 61.58 29.62 62.60 -70.17 -49.74 -81.96 86.65 -74.61 87.64 64.16 8.03 9.57 60.17 -90.88 79.13 -7.80 77.83 -81.02 41.39 -26.26 -90.40 -2.12 -70.93 41.58 -39.54 92.02 87.38 -6.97 -57.68 36.32 28.98 25.42 24.24 -8.55 -75.40 1.46 -74.30 -24.24 85.37 38.42 34.13 -72.74 18.08 -47.51 -17.19 34.71 86.93 -54.84 -46.26 24.05 -97.72 73.70 89.51 -50.46 -7.10 74.61 22.14 -67.71 -45.20 97.34 16.87 90.20 -14.64 98.32 88.99 -67.09 20.65 -72.33 -24.03
17.99 13.48 98.69 23.34 43.92 19.42 -87.63 -46.73 -56.49 -5.06 -87.54 95.64 81.90 -85.31 -47.44 -73.03 77.21 70.43 68.47 28.08 25.42 45.57 -32.40 10.97 10.42 -15.00 71.76 43.07 -4.80 -51.47 36.95 68.43 -84.50 8.22 -30.33 -48.10 12.56 71.83 -3.84 -69.69 -47.07 86.35 71.46 75.37 -90.68 -14.84 49.48 78.73 -43.18 -37.84 -67.01 35.00 79.76 -40.20 74.46 -13.41 47.09 -52.42 -52.12 -27.76 -97.82 -91.59 19.71 73.77 -0.56 49.68 13.76 -97.53 82.59 6.02 -43.30 -32.74 10.41 -53.85 48.30 18.28 0.50 -17.88 61.05 34.84 -72.50 -26.63 44.31 51.99 99.71 -90.42 -84.48 29.10 8.99 -73.32 14.98 44.56 -91.94 72.16 9.65 -59.87 -42.80 23.47 18.22 31.23
-51.27 -53.18 -61.60 51.23 56.74 -9.69 -51.82 57.22 47.83 4.75 -41.33 -44.34 -26.28 -38.92 -57.13 99.93 9.77 -51.91 -73.02 13.96 95.57 27.51 -31.38 5.76 -25.61 -58.09 -39.99 86.28 -2.27 -4.14 -95.04 -17.51 -85.50 85.01 92.66 5.72 22.26 44.48 -45.94 -81.01 -40.92 32.04 32.34 -10.45 78.85 52.15 82.84 -81.97 52.61 -24.44 73.91 65.49 -43.47 -8.59 -20.42 -99.78 81.29 54.24 72.91 -85.76 11.37 -20.27 63.19 6.31 6.91 45.36 -35.68 -29.28 -43.22 -28.13 8.92 27.21 0.11 92.73 -4.00 59.39 28.75 21.43 74.57 0.37 13.59 -48.39 -10.11 -39.42 -2.52 -15.04 -70.92 48.21 -83.45 11.71 -43.88 -67.16 -23.98 -91.67 -34.82 30.28 -4.03 -22.45 30.44 -2.47
-68.44 82.67 9.09 -96.98 -59.18 -12.80 -38.07 64.94 81.40 -6.45 -53.58 -15.95 30.26 -54.70 26.91 14.11 -90.03 -45.08 39.73 -2.55 -98.27 4.18 75.63 -8.34 84.29 29.85 -13.48 30.68 -70.07 -89.30 39.05 79.24 -6.68 39.59 94.48 -74.15 -50.84 -40.08 -85.87 -58.50 -15.43 -16.41 -14.56 47.87 63.27 -77.89 63.29 94.47 80.53 -24.00 -39.42 47.67 42.79 33.34 52.83 16.83 -0.02 -16.35 -77.93 5.64 22.41 1.98 -23.30 67.84 11.00 -49.34 7.05 -34.30 -59.97 -93.86 -35.96 4.12 36.03 -91.72 -70.70 -17.66 -32.78 -58.28 -64.62 -84.02 39.77 -87.61 86.77 -1.75 47.29 -40.26 -97.25 32.93 -38.31 31.71 -43.66 -64.38 2.87 -46.18 -0.32 -76.09 -99.88 2.35 63.09 44.00
-15.93 -64.34 21.37 10.48 -64.55 6.91 15.25 27.11 -42.23 46.05 -82.05 -12.89 -13.22 -87.17 -17.28 17.46 99.23 91.95 -37.77 -19.62 -51.32 52.85 -54.18 56.81 3.54 -42.02 -96.73 -53.57 -67.62 33.18 -67.49 -2.31 -19.40 26.00 -47.36 -10.95 -24.82 -67.21 -66.20 -56.38 92.05 -45.06 -69.08 3.65 -99.74 -96.80 -17.59 -19.52 58.03 -29.59 50.36 -52.57 77.74 -8.81 -85.51 53.66 -58.03 -62.15 -81.30 -91.33 74.13 43.64 69.05 -34.73 50.48 -64.31 62.39 0.12 29.26 -67.61 -20.38 -16.45 9.10 78.45 23.50 -6.05 13.98 -60.98 6.90 3.24 -32.72 57.42 63.28 31.07 89.16 59.60 19.57 -77.59 -5.47 -93.45 -23.58 -99.33 58.32 -76.48 53.03 -8.27 64.86 -90.60 52.91 78.49
-52.75 23.35 -31.72 33.67 -0.80 58.64 47.82 -97.16 9.35 -85.60 -93.65 -95.58 -85.41 27.20 41.83 41.47 -66.23 29.95 3.82 86.83 48.55 2.25 -80.23 27.94 -91.17 -23.36 55.25 -24.63 -39.89 31.53 -90.74 -39.59 -15.28 57.16 98.50 90.02 -97.56 -92.04 1.01 -25.34 -47.08 -24.39 -90.66 -55.72 90.88 -58.80 6.47 -41.48 -13.84 36.66 15.07 -39.02 13.60 27.82 -15.81 -71.50 -78.53 -66.41 67.18 89.25 25.38 37.93 84.83 14.36 43.10 -46.37 72.48 -46.44 -40.54 74.02 73.81 58.40 15.24 87.36 78.25 84.49 4.88 68.75 53.32 13.49 18.95 -73.64 -66.39 63.14 -27.84 -54.44 5.59 -36.62 17.05 -26.13 4.47 -25.43 -21.59 78.40 -90.43 8.34 -50.60 -54.12 86.91 81.94
73.06 -87.38 -72.85 8.17 91.06 -84.04 98.92 49.29 63.19 10.63 -97.67 90.93 -72.96 48.27 -68.79 -55.82 -78.10 2.88 6.85 20.55 64.70 49.51 29.66 91.89 -96.31 -72.95 -81.05 77.42 -1.73 -16.28 4.26 6.81 35.87 21.55 88.65 92.69 -99.46 -16.77 69.38 -88.90 12.42 -83.28 -73.64 -6.60 -26.26 45.31 -94.79 -68.72 58.84 -50.74 -22.02 -53.71 1.02 -97.96 51.44 73.96 84.56 0.54 -66.30 42.42 61.08 -5.93 -59.73 8.04 -70.88 -29.16 98.26 -34.98 -9.65 -52.66 -7.16 8.63 -81.91 -20.85 -62.90 -28.15 22.12 -40.67 -21.37 83.42 -26.56 -70.42 12.07 -53.16 42.41 4.15 66.15 -30.60 -29.49 -37.88 -90.22 56.60 39.56 -25.46 70.03 -91.04 -97.54 -45.98 55.27 34.36
-67.29 -62.55 -99.54 88.81 25.93 38.48 10.28 -55.97 85.57 3.48 52.35 -74.51 -49.44 -25.31 19.91 -44.12 -35.80 24.37 -9.53 80.88 41.11 -63.66 -84.41 -66.42 -72.09 55.13 56.57 -11.55 -3.11 -25.10 -39.87 -96.51 -61.11 -23.43 -94.86 -31.94 -8.76 92.91 -35.95 0.35 28.18 14.56 -4.11 -71.82 -77.06 -0.99 16.60 24.75 29.85 93.05 65.80 -85.90 -40.33 15.97 2.89 2.88 2.35 -85.81 3.34 -76.59 -48.57 -68.55 28.95 78.08 -45.45 37.89 55.37 50.87 -63.37 -41.76 -33.36 23.55 57.06 -86.50 -77.87 59.06 79.75 -18.48 77.56 -20.04 66.54 7.29 -73.96 2.58 -48.15 13.75 8.61 18.48 -24.36 81.16 72.90 16.96 -35.93 -27.13 42.98 -26.37 -49.14 29.00 -24.16 1.88
48.97 -12.38 -76.02 83.33 19.77 39.78 -35.42 -32.49 92.16 -52.43 53.84 4.21 -29.08 -83.78 44.84 63.85 89.06 -94.53 -27.11 -37.58 9.38 -73.33 98.04 -61.96 -83.74 -65.79 -83.22 72.75 75.95 -76.24 -42.72 58.30 -81.80 -98.59 -53.64 -61.09 21.74 60.24 -96.78 14.34 -5.09 18.01 -19.74 -15.17 -89.40 -34.10 -44.06 -81.88 43.27 -89.90 -32.40 60.64 93.24 -71.10 -80.30 -74.44 -85.81 -36.91 86.49 -23.94 78.69 13.06 97.34 -10.76 98.12 -71.26 91.89 14.46 -7.60 19.20 19.24 -40.88 -71.42 -11.58 -87.95 9.02 -49.20 12.16 86.61 -93.98 67.26 63.23 97.99 -23.00 14.60 81.78 27.36 -94.09 -8.26 -36.33 -41.08 -29.71 -72.68 -71.69 -25.49 34.05 20.12 -76.86 71.02 7.63
55.87 80.59 -13.29 -2.98 -4.20 -4.49 33.05 -85.28 -93.91 74.65 40.32 -96.94 -67.50 -14.49 -27.24 30.98 -88.47 11.94 -50.86 -7.25 74.87 -72.04 96.82 89.31 -72.08 -44.76 59.66 25.20 -56.60 -77.01 41.25 -68.31 54.00 41.12 23.93 -31.69 9.15 -78.32 -64.47 -58.79 14.77 8.32 -67.45 33.25 -33.75 -39.05 -88.65 -32.35 -40.17 -11.22 74.16 62.00 -12.70 37.82 66.64 -89.79 57.95 -79.45 -35.12 -54.30 -68.57 78.11 -16.32 94.96 -59.02 -63.31 47.90 2.30 76.22 31.91 19.51 -77.33 -66.89 40.81 1.50 -86.02 6.81 9.12 -26.32 0.57 91.48 75.35 28.42 56.34 44.81 -33.89 -56.99 18.62 -77.01 -62.72 -57.74 15.77 -98.24 -34.75 -43.25 55.47 64.70 1.34 -66.92 -37.03
-98.17 41.58 91.42 2.76 34.33 13.24 34.23 92.45 -40.27 31.76 -93.33 83.23 -10.33 -15.00 -90.49 -91.27 -26.03 82.54 40.58 -35.12 -97.59 24.27 67.55 -90.95 -90.83 -21.40 -53.04 -26.67 -0.23 -42.78 93.01 28.57 -94.34 -3.33 -51.12 43.47 -34.70 -64.45 7.99 -89.99 -67.15 -2.21 -16.71 14.36 10.36 84.93 52.63 -81.55 -59.84 73.22 47.35 -75.34 -32.89 18.69 -85.92 -65.86 -27.56 72.83 -15.17 -37.22 -36.15 -0.37 -13.55 8.12 38.98 4.51 14.71 38.69 -41.15 -9.63 3.96 59.44 -73.16 92.17 34.06 -93.55 19.80 67.89 19.98 16.83 39.09 56.00 69.57 -35.14 -16.48 92.69 46.78 -3.71 -62.45 58.86 26.83 58.44 42.36 -53.44 -46.52 13.52 8.31 -24.11 50.59 -57.47
96.22 -51.54 -35.37 -40.72 33.59 -52.83 -34.66 -33.27 90.42 38.92 46.05 37.77 -15.90 -11.26 -42.38 64.20 39.08 -5.95 -31.95 -12.77 -40.19 58.38 94.25 99.49 -28.61 80.66 -33.85 -16.97 -44.80 35.26 -50.11 23.00 -72.86 -47.18 73.84 -36.79 26.41 -47.61 51.64 43.51 65.50 -45.92 72.10 -62.48 -72.21 -97.30 -46.28 72.94 11.53 95.64 21.95 -94.09 -74.20 -86.79 23.91 25.87 40.97 -82.45 -85.38 -11.15 -22.06 -51.85 70.76 -25.24 73.81 -18.18 -63.62 34.11 12.92 -45.73 75.79 19.26 63.98 -23.67 -98.67 42.81 -95.03 -82.29 2.20 -67.22 61.72 62.48 19.64 49.66 26.67 -9.90 -32.95 -38.24 -55.25 -37.20 -66.97 66.68 85.32 59.95 -37.68 -35.23 9.21 -9.90 -88.03 82.81
11.85 42.02 5.51 -14.19 74.18 84.62 -37.67 8.31 95.86 41.92 94.01 47.16 95.74 76.11 22.98 -84.82 -67.74 -52.31 -68.38 9.02 -18.78 55.90 -43.14 68.31 49.54 -98.84 80.81 39.96 95.54 40.72 -31.59 38.59 80.52 -4.82 55.02 73.74 -36.01 28.91 -23.78 5.60 60.96 -12.14 18.03 -31.50 80.70 68.18 -71.24 -59.18 -27.44 -93.35 66.70 -15.78 96.74 25.78 9.53 -96.24 -71.66 -78.77 94.21 -34.20 -85.58 97.19 37.51 -93.33 27.69 92.26 46.69 -23.06 -73.88 99.61 66.70 59.11 -6.02 -66.31 -11.90 -65.86 26.97 81.40 -60.15 74.91 58.06 -80.53 -92.67 27.66 90.39 -97.02 7.42 94.81 -46.99 -62.93 29.75 -75.85 -95.62 -27.57 0.90 -51.87 54.09 56.52 67.22 28.87
47.01 -53.51 44.91 15.96 -57.74 84.37 -32.92 -91.48 -76.09 -22.30 54.93 -87.79 -33.84 -26.14 20.16 -31.76 -43.30 -51.46 33.91 55.06 -34.75 -79.75 -61.04 81.18 -70.43 -50.89 88.49 5.30 -87.54 85.29 81.55 80.55 39.58 -95.40 -8.02 17.25 97.00 30.61 97.90 87.88 -97.51 19.80 77.34 -79.76 -26.59 -97.02 -75.01 -95.30 67.50 -42.15 -40.12 -4.56 -99.32 28.42 -85.55 5.55 -98.82 29.64 -53.46 -11.81 89.46 45.64 44.59 57.95 1.19 86.48 -83.58 37.32 -11.88 14.72 -62.51 17.92 -98.71 -97.62 -5.02 -89.61 -10.36 48.91 -7.92 -75.40 77.48 55.98 51.75 59.11 60.32 27.39 25.59 -38.70 -52.18 -41.43 3.85 77.72 67.61 3.54 -21.89 -62.50 -31.95 -4.80 31.76 -17.35
-81.80 -11.78 -47.98 -34.97 58.95 47.42 38.52 -66.00 -86.40 87.69 -38.58 -36.37 -76.40 -34.52 -12.03 -68.70 82.67 -77.25 9.77 -2.18 -5.05 2.28 26.69 -33.66 -14.67 -23.60 -11.30 32.66 -39.34 70.96 -60.71 79.56 74.78 63.26 75.45 52.86 71.94 -22.79 -7.69 -8.94 -16.32 -97.96 -52.18 -52.53 8.96 41.66 -40.04 -39.70 -4.74 -20.07 2.15 97.75 5.32 92.85 -5.02 -28.76 -42.66 52.08 12.77 -22.41 -22.46 22.06 60.85 -2.81 -45.70 87.86 12.41 92.65 82.26 -55.17 85.03 4.06 61.90 -44.35 -36.46 4.52 99.88 66.07 -14.67 60.63 -99.90 -9.51 7.69 -82.36 78.60 46.04 13.50 -22.13 -29.11 10.56 -21.73 40.86 83.12 45.92 -94.76 -56.47 -99.62 36.76 40.89 66.98
-25.20 -11.54 43.40 -14.67 65.86 -5.56 -76.18 9.44 66.14 89.17 -90.57 -25.33 -63.26 58.25 -83.29 71.47 -67.34 -67.86 74.77 11.57 33.69 -22.33 -33.75 -45.63 -87.86 70.13 51.00 -11.33 80.59 44.66 -31.89 -88.76 74.51 83.78 -43.05 -43.41 -70.67 98.92 44.71 -60.44 -21.20 -84.95 94.79 -0.34 -97.75 -55.89 9.35 27.22 -20.62 -21.89 75.10 10.63 -14.98 -18.99 3.19 77.45 -53.74 26.24 -58.80 -88.58 13.49 50.92 75.02 40.71 -94.01 -72.75 23.82 -18.14 -93.47 34.90 40.01 -42.69 89.96 -15.75 -23.63 47.01 -85.72 -90.29 46.88 -10.67 95.27 -78.02 -71.67 85.27 -89.64 -39.80 -45.52 -65.22 -62.27 63.44 63.83 -93.33 -77.50 6.09 -86.18 -47.79 -9.07 -79.00 24.88 89.87
74.70 34.27 16.48 41.15 -0.15 23.19 98.32 51.93 -70.67 -30.60 70.04 76.59 47.99 11.23 96.26 -53.66 -25.72 -1.28 -45.06 83.96 -71.18 -20.40 92.69 58.20 69.57 -48.51 70.93 -9.68 -43.20 41.16 65.84 -3.76 -25.84 -93.92 39.98 83.04 22.52 85.22 34.91 -36.02 -95.17 -30.88 -2.20 96.48 11.60 53.61 -31.80 95.71 -42.94 61.65 38.61 43.45 68.28 33.98 86.41 27.21 -55.72 23.38 82.68 81.52 46.25 -81.45 -91.13 -79.10 -61.00 -6.94 -94.52 -33.10 64.66 -2.65 -21.71 -6.58 -68.73 -78.20 -75.05 27.23 57.26 -19.16 -41.31 20.34 27.83 -15.51 2.71 37.98 -80.05 29.63 7.17 -6.13 -7.03 -59.78 69.41 -48.20 -19.58 -16.29 47.78 59.62 98.14 20.22 94.46 -86.48
-7.27 43.80 40.57 -54.15 -52.42 -36.41 -82.01 53.60 -50.31 -98.94 -98.21 27.26 -74.55 5.45 -50.20 -82.54 -21.07 34.96 -0.21 64.92 35.05 -31.28 85.83 47.63 -98.68 96.14 -30.85 -29.46 -74.77 25.11 -75.98 28.57 -99.98 -49.24 96.00 93.85 49.66 -30.22 69.20 15.83 -45.99 -16.93 -48.08 16.28 -85.87 -40.77 -71.96 -36.88 -61.84 72.61 -7.20 -61.64 31.43 -6.67 86.52 -37.02 -57.76 51.47 -51.24 16.50 11.91 42.16 -80.02 -61.80 31.62 -17.61 -84.49 89.77 -48.00 -54.34 -97.72 -87.47 -0.96 76.18 77.13 85.21 -73.58 40.90 -25.47 2.59 -45.45 45.45 65.19 3.67 18.82 93.22 23.52 -31.54 95.45 70.90 62.72 42.62 51.77 77.88 1.36 -22.71 -26.50 68.88 -42.06 67.48
74.77 1.31 -20.18 -75.61 36.53 82.36 23.40 -13.94 -95.86 1.39 -90.20 -75.72 97.67 1.98 -46.62 48.46 -2.69 -23.36 -50.95 31.36 43.80 -6.23 56.44 -45.86 -87.77 29.13 90.72 -7.41 -66.77 27.69 57.49 51.77 26.44 56.74 55.31 23.87 86.94 -57.34 33.07 -0.33 77.85 -87.94 -14.76 -12.76 -99.02 59.31 -60.82 -20.91 -81.69 -24.93 -7.09 -94.42 12.76 -95.32 -5.87 -55.26 83.22 4.93 66.62 43.21 -50.75 -36.34 32.54 -57.62 -84.28 -66.29 -19.52 24.24 -75.04 -50.71 50.35 -81.08 24.45 34.43 87.48 -24.00 -43.48 -5.88 69.38 -37.44 2.99 54.30 -93.89 67.09 -92.29 30.04 93.47 73.44 49.00 -73.27 -27.48 -12.16 -27.36 67.13 -84.86 -37.89 -21.32 -44.00 33.45 52.86
-19.33 -12.46 -93.24 -36.26 99.85 48.26 -46.38 -46.64 17.16 60.19 -66.06 -95.52 11.93 -3.24 37.76 -75.03 -98.94 31.89 -61.46 58.94 55.92 66.00 32.54 41.08 29.93 15.94 49.37 -9.35 71.19 98.92 -57.82 -12.06 6.23 -0.21 76.34 9.27 99.52 31.08 32.40 22.88 -6.10 83.25 93.72 34.53 -36.25 50.28 59.16 -86.33 -0.92 -44.93 -7.52 -88.39 -18.28 -23.89 -76.37 -78.00 35.05 21.10 47.97 98.94 -88.88 -32.61 6.60 -91.69 1.80 73.16 80.09 -12.80 -50.11 22.87 51.66 24.03 80.56 -3.45 86.07 45.61 -86.63 -73.30 -16.28 2.25 -85.04 -11.37 17.42 -15.18 78.88 -86.79 23.84 94.81 -18.66 6.89 44.44 -20.74 -36.22 -21.64 53.81 26.98 67.50 -84.00 74.68 -48.14
42.73 -93.18 64.36 47.12 -65.13 -24.15 -2.90 -48.47 93.90 16.14 -31.78 47.68 -39.33 69.81 -71.78 15.40 -88.45 -93.45 -86.82 87.45 -58.85 -75.62 27.31 -10.35 87.99 -27.30 17.61 22.32 -4.96 -45.35 -14.15 -10.57 -95.56 -45.87 -86.83 -69.12 -14.56 43.82 -19.15 31.07 -5.50 -69.93 40.54 23.33 -74.06 -52.08 17.24 68.11 -13.79 -18.95 -46.34 -93.76 -88.98 15.15 -87.59 -92.65 -47.51 11.75 -7.97 72.19 46.36 -42.86 88.49 57.57 45.33 13.33 -87.95 -57.77 -86.91 74.79 55.07 90.53 -24.27 85.60 27.35 -66.84 -35.04 86.07 18.58 -12.42 -95.46 -2.47 -99.48 42.60 4.82 -47.22 -18.92 81.97 -21.87 -58.81 68.32 -47.05 -50.98 98.17 18.97 -1.99 -51.38 70.65 -73.11 -50.99
71.95 -71.60 -74.88 -71.76 -24.45 78.61 44.47 -90.53 75.80 -25.64 84.18 -5.18 -14.15 73.25 -10.54 13.84 59.26 69.32 -39.17 -74.08 -64.25 -22.96 -74.13 73.27 -85.68 34.50 43.52 -59.34 76.27 -54.30 -60.26 58.33 -92.51 16.84 -57.21 -44.79 61.47 -55.31 -93.61 83.27 5.63 30.86 -25.31 -69.30 -87.24 -6.28 -97.65 28.58 72.50 -54.58 94.59 -84.71 28.58 8.74 -76.19 -89.86 -12.75 52.90 64.25 -44.81 -55.35 5.86 -8.79 -51.59 7.80 9.81 -21.25 -44.99 -48.11 -96.52 -83.73 -30.22 -29.83 20.74 -30.13 -56.26 3.32 28.05 -81.36 -67.33 64.05 55.47 28.60 89.89 -96.29 -17.09 93.50 20.40 -69.28 67.42 2.49 -19.00 -96.66 -35.76 -10.92 -66.31 90.34 76.08 89.78 57.35
-7.41 -72.83 -87.83 -29.92 -95.11 16.06 -74.82 -25.70 43.76 -43.48 -80.23 -55.87 21.15 -62.85 10.22 30.09 21.27 98.18 18.41 -64.45 50.33 57.49 74.44 44.29 24.61 -27.74 40.42 -71.27 92.88 -82.82 77.64 96.18 99.26 -31.66 -0.78 -34.88 -28.16 61.79 -66.53 51.83 44.19 59.22 -29.79 80.41 44.10 -69.02 -35.44 -16.15 92.50 -80.16 -77.43 -35.23 63.40 -69.00 -1.55 68.95 52.43 63.81 -59.55 99.96 -21.69 -39.00 48.60 -42.32 27.19 12.93 61.35 20.39 26.54 60.21 -52.59 -7.15 52.48 21.63 64.93 26.87 -41.33 32.38 22.72 47.99 50.22 61.67 10.45 -19.99 -49.73 16.52 -78.50 77.78 79.30 -45.98 20.27 65.91 58.74 -86.29 -22.10 31.58 -30.89 -74.36 -12.16 -16.55
